name;frameTime;F0final_sma;F0final_sma_de;audspec_lengthL1norm_sma;audspec_lengthL1norm_sma_de;jitterDDP_sma;jitterDDP_sma_de;jitterLocal_sma;jitterLocal_sma_de;logHNR_sma;logHNR_sma_de;pcm_fftMag_fband1000-4000_sma;pcm_fftMag_fband1000-4000_sma_de;pcm_fftMag_fband250-650_sma;pcm_fftMag_fband250-650_sma_de;pcm_fftMag_mfcc_sma[10];pcm_fftMag_mfcc_sma[11];pcm_fftMag_mfcc_sma[12];pcm_fftMag_mfcc_sma[13];pcm_fftMag_mfcc_sma[14];pcm_fftMag_mfcc_sma[15];pcm_fftMag_mfcc_sma[16];pcm_fftMag_mfcc_sma[1];pcm_fftMag_mfcc_sma[2];pcm_fftMag_mfcc_sma[3];pcm_fftMag_mfcc_sma[4];pcm_fftMag_mfcc_sma[5];pcm_fftMag_mfcc_sma[6];pcm_fftMag_mfcc_sma[7];pcm_fftMag_mfcc_sma[8];pcm_fftMag_mfcc_sma[9];pcm_fftMag_mfcc_sma_de[10];pcm_fftMag_mfcc_sma_de[11];pcm_fftMag_mfcc_sma_de[12];pcm_fftMag_mfcc_sma_de[13];pcm_fftMag_mfcc_sma_de[14];pcm_fftMag_mfcc_sma_de[15];pcm_fftMag_mfcc_sma_de[16];pcm_fftMag_mfcc_sma_de[1];pcm_fftMag_mfcc_sma_de[2];pcm_fftMag_mfcc_sma_de[3];pcm_fftMag_mfcc_sma_de[4];pcm_fftMag_mfcc_sma_de[5];pcm_fftMag_mfcc_sma_de[6];pcm_fftMag_mfcc_sma_de[7];pcm_fftMag_mfcc_sma_de[8];pcm_fftMag_mfcc_sma_de[9];pcm_fftMag_psySharpness_sma;pcm_fftMag_psySharpness_sma_de;pcm_fftMag_spectralEntropy_sma;pcm_fftMag_spectralEntropy_sma_de;pcm_fftMag_spectralFlatness_sma;pcm_fftMag_spectralFlatness_sma_de;pcm_fftMag_spectralFlux_sma;pcm_fftMag_spectralFlux_sma_de;pcm_fftMag_spectralHarmonicity_sma;pcm_fftMag_spectralHarmonicity_sma_de;pcm_fftMag_spectralKurtosis_sma;pcm_fftMag_spectralKurtosis_sma_de;pcm_fftMag_spectralRollOff25.0_sma;pcm_fftMag_spectralRollOff25.0_sma_de;pcm_fftMag_spectralRollOff50.0_sma;pcm_fftMag_spectralRollOff50.0_sma_de;pcm_fftMag_spectralRollOff75.0_sma;pcm_fftMag_spectralRollOff75.0_sma_de;pcm_fftMag_spectralRollOff90.0_sma;pcm_fftMag_spectralRollOff90.0_sma_de;pcm_fftMag_spectralSkewness_sma;pcm_fftMag_spectralSkewness_sma_de;pcm_fftMag_spectralVariance_sma;pcm_fftMag_spectralVariance_sma_de;pcm_zcr_sma;pcm_zcr_sma_de;shimmerLocal_sma;shimmerLocal_sma_de;voicingFinalUnclipped_sma;voicingFinalUnclipped_sma_de
'IITM_CLU_01909_0_gh.wav';0.0;78.55977142857144;0.0;0.2937841857142857;0.04652008;0.0;0.0;0.0;0.0;-70.69640628571429;0.0;0.002814051766;0.00028539061428571437;0.003941805142857143;0.002390168524285714;-5.323236041428571;-11.173640142857142;-1.3549824428571438;-13.51688857142857;-8.752561428571429;-3.0951174285714282;-5.389626571428572;19.645273857142858;14.82282214285714;27.57837714285714;23.942497142857142;13.241799142857142;-13.575671;4.059744671428571;-1.4329949428571436;-2.1785391428571423;-0.507930857142857;-0.7660737142857142;1.4643804999999996;-1.0532624371428572;-1.6404832142857144;0.6177590285714286;-0.9642346857142857;-2.2312160000000003;-2.5137992857142852;-0.437482971428571;-2.0445179857142857;-0.6782643357142856;-0.1685200000000004;1.6093199000000002;2.011913614285714;1.1891901714285715;0.5621654142857142;0.02642787285714287;3.4408172857142856;0.10162103000000007;0.03540368565714286;0.003115401142857144;0.20030164857142857;0.07120717157142857;0.04080001971428572;0.06500117974285716;1853.1863288571426;-688.4760857142857;196.42857142857142;0.2976200000000005;598.2142285714286;12.946422857142855;944.9405714285714;61.16071571428571;1714.2856142857145;143.30357142857142;18.97666342857143;-3.3664808;918894.4637142856;91546.00428571424;0.12595237142857144;0.009833331714285715;0.0;0.0;0.6715615285714286;-0.00017325699999999974
'IITM_CLU_01909_1_A.wav';0.0;95.26419;-0.007606975999999999;1.570532;0.1278099;0.0;0.0;0.0;0.0;17.3831;0.0;0.06585674;0.023111283333333333;1.0352630333333332;0.2176276;-11.043409666666667;-27.755863333333338;-6.974500333333332;-19.63145666666667;-17.84184;-1.9884218;-6.234088666666666;38.40109333333333;2.313909333333333;22.285276666666665;-16.334120000000002;-3.0032913000000003;-7.598285;7.734664333333334;2.8251473333333337;-4.57861;1.6563326666666667;0.8580594333333332;0.80556431;-1.7362166333333333;1.4939853333333335;2.003226666666667;0.71029362;-0.2107985;-3.280943666666667;2.2241730000000004;-1.8686006666666666;-2.7458103333333335;-3.5442636666666663;3.4658606666666665;1.1539054333333334;-1.9061813333333333;0.28258506666666666;0.020292126666666667;2.4648490000000005;0.19903333333333337;0.0010343440000000002;0.00023418556666666667;0.37509966666666666;0.06778531333333333;2.761329;0.23666986666666667;179.30154666666667;-64.57076333333333;187.5;0.0;187.5;0.0;270.8333333333333;36.45833;468.75;73.26389;9.215139333333333;-1.8048353333333331;55720.493333333325;18511.963333333333;0.03972222;0.0036944449999999998;0.05013614;0.0;0.7545902999999999;7.771666e-05
'IITM_CLU_01909_3_m.wav';0.0;184.84052;-0.37328855200000005;0.58000638;0.0205440978;0.006508544;0.0;0.013573652;-0.00010631962;22.616856000000002;0.038165538;0.00047956505999999997;-6.52948256e-06;0.284607542;0.09611952199999999;-7.024885039999999;-9.5449168;-9.9003704;-7.791455399999999;-4.5371847999999995;-8.4248082;-10.0960124;39.879624;36.02405600000001;30.417392;19.745596;5.983056800000001;-9.60453296;-16.7509768;-20.558176;-13.105583999999999;2.0025987;1.82115176;1.0546737400000001;1.62829242;2.0825842000000003;0.8888090999999999;-0.0006030519999999706;1.39056792;0.7356480400000001;-0.26332669599999997;-0.90650204;-1.9563038;-3.0421192;-3.08880728;-1.7770434800000001;0.28429200000000004;0.21245882000000002;0.0028850356599999997;1.7421513999999998;0.073497512;9.711968000000001e-05;-4.6320645999999996e-06;0.28647886;0.01819175606;1.8005596000000004;0.12769451586;4613.508400000001;-1445.30764;179.16666;0.6249994000000001;187.5;0.0;210.41666;0.6249994000000001;220.83334;7.5000008000000005;38.61167;-9.9490134;2655.8308000000006;408.2506;0.0235;-0.00016666649200000003;0.057389341999999996;-0.0006471016800000001;0.78929802;-0.00040312444
'IITM_CLU_01909_4_enas.wav';0.0;154.1828181818182;-0.2037175563636364;0.6708864909090908;-0.06892278636363637;0.013446382727272726;-1.850960390909091e-05;0.01121382772727273;-5.704851090909091e-05;19.56949727272727;0.07577078318181818;0.010469631990909091;-0.0017783910999999999;0.4775506563636363;-0.11319828545454545;9.48407690909091;-9.238344;13.461940654545456;-2.5262378727272727;-15.37115;-2.352248552727273;-9.802679272727273;35.581120909090906;30.63301818181818;58.46437090909092;-10.825242736363636;-13.091854363636362;13.478820363636363;-18.51903027272727;-19.342895454545456;15.186023309090906;-1.8110895;0.46682385818181815;1.3783296636363636;-0.12431970000000009;0.028587272727272753;0.4403974454545455;-0.35084380454545444;-0.5390829090909091;0.5278664818181817;-0.8053947181818182;1.9985010454545458;2.5922766272727276;1.7089716272727273;-1.3166914363636366;1.2933225454545454;1.7847261445454543;0.1979127090909091;-0.0065261365454545445;2.1357877272727275;-0.04996441600000001;0.00025501207272727276;6.58639227272727e-06;0.28830605454545455;0.003483267272727276;1.0010996490909092;-0.1402672927272727;385.57980909090907;47.31765363636364;144.88636363636363;-2.840909090909091;161.9318181818182;-2.6515150909090908;178.97727272727272;-4.356060272727273;243.3712090909091;-14.772727000000001;16.52161909090909;1.0538895363636362;24818.378181818185;-1549.3217272727272;0.019999999999999997;0.0002727273454545455;0.07980010272727274;-0.0008615997618181818;0.7564991727272727;-0.0003463545909090909
'IITM_CLU_01909_5_hv.wav';0.0;0.0;0.0;0.244529;0.025257653333333335;0.0;0.0;0.0;0.0;-100.0;0.0;0.001422923966666667;0.0005572359;5.2586823333333335e-05;3.6909753e-05;5.8918766666666675;-6.865007333333334;6.072185166666666;-8.587245000000001;0.015570433333333375;6.722897333333333;-6.242676333333333;3.4395210000000005;-16.30004;7.891461333333332;-7.850268;32.078939999999996;11.483078333333331;-5.806259;8.801958999999998;3.0652926666666667;-5.4958973333333345;-2.652900666666667;3.1261283333333334;0.26273910000000006;-1.4721264666666667;0.36502039999999997;0.19679544666666668;-0.9274754000000001;-0.8571311333333332;-2.3542413333333334;0.17447716666666668;0.5482423333333334;0.2641959333333333;-2.6331146666666663;-0.09949498;-2.66962;1.3182046666666667;0.010343334333333334;6.412728;-0.05819266233333334;0.10184807;-0.005320002;0.01857591466666667;0.007984511;0.0005530740000000001;0.00023083563333333332;2.7702383333333334;0.21556161000000004;1048.611;-7.6388799999999994;1420.1390000000001;6.2499933333333315;3180.5556666666666;-90.62504166666668;4052.0833333333335;-21.875001666666666;0.7386371333333334;0.08118989666666666;1894484.6666666667;-53376.74;0.24833336666666664;-0.00044444416666666674;0.0;0.0;0.5077316666666666;0.0012092313333333334
'IITM_CLU_01909_6_A.wav';0.0;215.93675;0.10504611250000001;2.204273666666667;0.08440655833333334;0.005508699333333335;5.024376999999999e-05;0.012482546666666669;0.00012838914000000003;17.245540000000002;0.11616662833333334;0.35988820000000005;0.01699594416666667;1.5016886666666664;0.07593069416666667;-30.732213333333334;-37.953986666666665;-0.77750464;-24.80754333333333;-21.69118833333333;-11.791113333333334;-11.635153333333335;36.693176666666666;-17.919813;7.5600675;-27.066410000000005;4.715623833333333;-5.773273499999999;3.5220749666666666;-9.610178;-9.199176666666668;-0.00765606500000023;0.05701298333333338;0.9376539833333335;-2.3887085;-0.28620735;0.003509000000000021;0.061818119999999976;-0.7318977833333333;-1.6465682;1.52198295;-2.55997085;-2.3259811666666668;-1.6209943666666666;1.6871314666666668;0.5458420183333332;0.30129571666666666;0.45480260000000006;0.023569588816666667;3.251480666666667;0.13253668666666665;0.0016648499999999998;0.00018524569;0.48158641666666674;0.03603094499999999;2.935663333333333;0.1324140916666667;25.723924999999998;-3.5150556666666666;213.54166666666666;1.9097216666666668;288.19443333333334;15.798612166666665;640.625;59.89584;821.1805333333333;19.965283333333335;3.4103550000000005;-0.15795359666666667;156111.44999999998;18023.753833333336;0.06527778166666667;0.00754166755;0.13290038999999998;-0.003844729816666666;0.84000765;7.148123333333332e-05
'IITM_CLU_01909_8_J.wav';0.0;92.25784;-0.11537973500000001;0.35577038;0.012768990000000003;0.001477762;0.0;0.0014683767799999999;-1.199263e-05;-37.119930999999994;-1.66098234;0.000499331133;0.0007861709769999999;0.02407492755;0.022870970999999997;-5.893942300000001;-13.216050999999997;-15.0171154;-15.0824129;-11.4313824;-8.045406719999999;-10.166260500000003;17.290487000000002;39.080799;29.843783999999992;18.401450500000003;15.971315600000002;5.824561479999998;1.1382361699999999;-11.220236400000001;-14.015681;3.13262517;1.21131384;0.6668435500000001;0.6702584490000001;0.52415605;0.65236504;0.20382181399999996;-3.7454307929999997;0.16473701200000007;-0.4192510799999999;-3.00339351;-2.26990079;-0.8291883300000003;0.77652531;-0.72401537;0.35036968000000007;0.9362259100000001;0.16248443510000002;2.7677015;0.325511395;0.017842210088;0.0032175203077000002;0.28354424999999994;0.035323772399999995;0.6251835310999999;-0.193784107;7207.123628800002;-956.8874309999999;922.91667;190.41665010000003;1073.95833;228.74997660000002;1752.0832999999998;302.1874703;1988.5415999999998;345.937505;48.82155285;-6.74559358;1087682.7435;138841.03935000004;0.189916673;0.04122500725;0.022320864000000003;3.505886e-05;0.7121782499999999;-0.00210036715
'IITM_CLU_01909_10_g.wav';0.0;166.9171;0.0;0.55255805;-0.079135345;0.0;0.0;0.0;0.0;17.2846;0.0;0.0008222208000000001;-0.00025409545;0.16675355;-0.05271891;-0.8665255500000001;-5.928343;5.074571;-9.340356;-15.490215;-5.4361555;-9.874157;38.787555;33.589845;35.06354;13.72908;5.2505105;-6.38387;-11.429625000000001;-2.2469643500000003;2.2453366;-1.858403;-1.05735965;-3.568029;-0.3048818;1.873215;-0.8056967500000001;0.48950344999999995;0.05987545000000001;1.2167549000000002;-0.03409745;3.9620634999999993;2.8435045;1.6616265000000001;1.8169915;-2.0267475;-3.389119;0.18707105000000002;-0.0009628223;1.805619;-0.07135569;0.0001812309;-2.3889595000000002e-05;0.21816575;0.079192715;0.92811575;-0.1795224;3672.786;1299.3069999999998;156.25;0.0;156.25;3.6458335;187.5;0.0;187.5;0.0;34.4085;5.6939945;4600.848;-883.4884999999999;0.020416665;0.00033333354999999997;0.2529436;0.0;0.7716734000000001;0.0
'IITM_CLU_01909_11_A.wav';0.0;192.0754;0.11905581750000001;1.306020375;0.15757525;0.0;0.0;0.00047053655;0.0;14.345830000000001;0.125166015;0.02817529325;0.02061471125;1.64046;0.0660639525;-2.3098463925;-29.1935325;1.0810467075;-16.9537675;-22.7693725;0.57856412;-5.16390175;40.6702825;11.973463250000002;21.821225;-20.1451925;-3.6135610000000002;-21.22041;-13.6490485;5.27452025;7.68414675;-3.114267;-2.0189535;-0.577757675;0.443091225;1.4656828499999999;-0.24693991999999998;-0.020862300000000028;-0.6027407;-3.7961834999999997;-2.1027519999999997;-1.14287305;3.136984525;3.96178075;2.0693615249999997;1.4234176;0.06372009999999995;0.30561145;0.00773328875;2.7963225;0.039036137500000005;0.000816448375;0.00022073652499999998;0.36109630000000004;0.053045265;2.50364025;0.17875647499999997;138.303445;-27.521400000000003;187.5;0.0;200.52085;-7.499999998827889e-07;367.1875;-4.427081;544.27085;48.9583375;7.2623565;-0.52609275;41028.4525;11345.884;0.045208335;0.0046874995;0.27718830000000005;-0.0099400075;0.8161512000000001;0.00027664939750000005
'IITM_CLU_01909_12_hv.wav';0.0;184.32194285714286;-0.13465438285714285;0.7414388714285715;-0.045401245714285714;0.005973489571428571;-4.669153285714286e-05;0.007043275142857143;-1.8492588571428572e-05;24.553779999999996;0.13651736542857143;0.012250360285714286;-0.0010189325000000001;0.02958005857142857;-0.004382989142857143;-19.88265857142857;-31.08778285714286;-12.834825714285714;-17.21018;-20.416282857142857;-12.475265857142858;-13.294025714285713;37.306748571428564;9.194768428571427;20.36911714285714;8.883633428571429;39.21284857142857;25.230701428571425;-10.542539857142856;0.3968531857142855;-1.2613032142857143;0.1730428857142857;0.6020653585714285;-0.22374329999999998;0.9865393928571429;-0.15331136000000015;-0.6457937285714286;0.24430054285714284;0.016212808571428546;0.2707361671428571;-1.1063906142857145;1.2599679428571429;0.9000585757142858;0.39650231428571436;-1.4232981571428571;-0.8294676000000002;0.5234538571428572;0.20372482857142857;-0.00029754220000000005;1.566913;0.007743086714285716;0.0002313006428571429;1.1244045900000002e-05;0.24233015714285716;0.022588961571428572;1.5741104000000001;-0.24502442857142856;982.2222857142855;-26.862519999999996;174.10714285714286;0.7440475714285714;187.5;0.0;187.5;0.0;218.75;-0.7440478571428571;24.73131;-0.5756392228571429;7065.954428571427;94.45378571428571;0.024285712857142854;-0.0008809523428571428;0.059419727142857134;-2.6654121428571424e-05;0.7837619714285715;-0.0004130599257142858
'IITM_CLU_01909_16_nB.wav';0.0;63.5780275;0.036243195;0.712908375;-0.00016637612499999991;0.0;0.0;0.0;0.0;16.93519;0.022341290750000003;0.000870827125;-1.856005925e-05;0.6178979250000001;-0.0022143834999999996;-6.78776625;-5.66793775;-4.428801;-4.65617225;-3.87535775;-5.84524;-10.080115750000001;39.617022500000004;33.810315;29.664910000000003;14.439587500000002;-5.418103500000001;-15.22008;-14.59509;-22.213772499999997;-20.54531;0.168469435;0.09129166249999998;-0.40642529749999995;0.31269545000000004;0.58058965;0.35635732499999995;-0.076148515;0.2114239;0.258730035;0.1500859725;-0.0440558005;0.204707975;0.20096456;0.038855967500000005;0.33345569999999997;-0.284824425;0.2266909;-0.00045822041250000005;1.9668595;-0.010143107749999998;0.000163213025;-4.81529975e-06;0.26406135;0.0434511525;2.11200775;0.08177502249999999;1521.7412499999998;-34.84097499999999;187.5;0.0;187.5;0.0;218.75;0.0;257.8125;1.0416642500000002;20.486012499999998;-0.524353925;4867.958250000001;-29.857950000000002;0.023958332500000002;-0.00014583355000000005;0.08115233;0.0;0.711299875;-0.00045678051750000005
'IITM_CLU_01909_17_i.wav';0.0;205.6539777777778;0.047724076666666664;0.9508635666666668;-0.05857193777777778;0.007178326222222222;0.0;0.007354959888888889;0.00014458426555555558;23.463514444444442;0.022930977744444442;0.02886063266666667;-0.004017161522222222;1.2093577555555555;-0.11274828155555555;-9.177978944444444;-21.702194444444444;3.0405135666666667;-7.9489405;-14.548695555555557;-6.136933000000001;-14.236728888888889;29.29907222222222;26.66699222222222;55.550830000000005;-18.585773777777778;-15.96430188888889;6.812821555555557;-40.171774444444445;-31.67135444444444;-4.122434111111112;-2.6020445555555556;1.7634224111111112;0.5306378888888889;-1.4055594111111114;0.0799418;-0.0001611555555555576;-0.2350050455555556;0.07187070888888891;0.6965946555555556;-1.7128575144444445;1.8294653777777776;1.9981635555555555;0.09724463333333334;-0.49461114444444426;1.8091174444444442;0.7251928;0.2600274444444444;-0.004114576745555556;2.122531222222222;-0.02832877022222222;0.00039628632222222225;8.509687777777779e-06;0.26882955444444445;0.04860857773333334;2.513968099999999;-0.13235010888888887;219.0865333333333;75.55003455555556;187.5;0.0;217.59258888888888;-1.5046295555555556;218.75;0.0;384.25925555555557;-15.393519000000001;13.100425555555557;1.3891380333333334;43854.74444444444;-4026.8740333333344;0.031666667777777775;-0.0013333335333333334;0.04475498888888889;0.00020795483666666666;0.7938747666666668;-0.00016111926666666668
'IITM_CLU_01909_19_A.wav';0.0;214.01907142857144;-0.04216726042857143;1.8687855714285713;0.017354890000000005;0.03056020368571428;0.0;0.016352339285714286;-0.0003623553285714286;14.291430714285713;0.3678216271428572;0.47355028571428576;0.04873671857142858;1.0184744857142858;-0.07452914142857144;-26.21018857142857;-43.98631;-6.9419391428571435;-12.094431428571427;-20.48188;-13.539482142857143;-15.553029999999998;38.92613142857143;-16.666375428571428;6.874631999999999;-24.831591428571425;21.07312214285714;7.023963285714286;-23.166158571428575;-6.188149728571429;-4.317788714285713;-0.9126045428571431;-0.022152700000000008;0.22173812857142863;0.8939377285714288;0.32769070000000006;-0.05426594285714278;-0.27531888428571427;0.13806956;-1.0322872737142856;-0.40682904285714283;2.3580893571428576;3.2759435714285714;3.483480428571429;0.05837614571428572;-1.4113648571428574;-0.8367801857142857;0.39834489999999995;-0.0010259302857142858;3.027510285714286;-0.04932662285714286;0.0012125198428571428;-3.291360928571428e-05;0.3759048714285714;0.03816286285714286;3.0123808571428574;0.14072798428571434;23.331657142857143;-4.048286571428572;217.2619;-2.232142857142857;223.21428571428572;-2.6785710000000003;468.7500142857143;-26.041661428571427;870.5357285714284;24.107142999999997;3.3779709999999996;-0.29360787714285713;146331.7142857143;5270.701;0.039642858571428574;-0.005726189571428572;0.3107373302857143;-0.026879371771428573;0.8279236571428571;-0.00020130252857142856
'IITM_CLU_01909_20_A.wav';0.0;189.21335000000002;-0.57739305;1.036766425;0.12052552249999998;0.0;0.0;0.01874253;0.0;8.64916625;-0.069174785;0.0331983325;0.0053269217500000006;0.2560607;0.0777758625;-6.932382500000001;-33.33109;-4.546287250000001;-12.0185475;-8.85896125;-3.2225317;-9.124757500000001;37.450885;-1.4917917499999997;13.0261975;-25.002025;19.0537275;-6.096055;-12.266452750000001;-6.763915000000001;3.886308;-1.98486625;-2.5910056;0.757531075;-0.932627735;-1.68794725;-0.689137625;1.095239925;0.16837416500000002;0.1988121725;1.8589754500000002;-0.03844851250000003;-2.1603607;-1.85178325;4.638821999999999;3.2591624999999995;1.32058325;0.32920535;-0.008600545;3.07573675;-0.1376335125;0.0021639665;-0.0002457081375;0.3573229275;0.10696565999999999;0.492313075;0.23581459250000003;57.902420000000006;6.25540975;187.5;-1.82291675;216.145825;-3.90625;304.6875;-30.4687525;690.1041500000001;-5.729167499999999;5.79956525;0.29851389;101068.06;-6460.848;0.035625000000000004;-0.001520833;0.20620112499999999;0.0024845145;0.789926025;0.000313244675
'IITM_CLU_01909_21_s.wav';0.0;0.0;0.0;0.354085525;-0.04481986;0.0;0.0;0.0;0.0;-100.0;0.0;0.000549262225;-1.6816920000000003e-05;0.003185655675;-0.00154783955;-5.0069975;-1.0227906000000002;-12.30092475;-14.363005000000001;-12.773185999999999;-2.402383925;-11.451383499999999;3.29003275;34.9067925;17.05421825;34.7640075;4.8188376250000005;16.7089075;14.599152499999999;-3.4781984999999995;-1.7030929750000001;1.8175851;0.6153067999999999;1.08373385;1.6231223999999997;3.181725;1.3630878;1.74050775;-7.045187250000001;-4.023839000000001;-4.34704125;0.13878120000000002;-2.5629222499999997;0.13937032500000002;-1.863861;-1.4046044500000001;-1.77800275;1.5164216499999998;0.7983944;3.5359645;0.7331168750000001;0.045064955749999996;0.01514337375;0.574213875;-0.0804916275;0.34828172125;-0.197702775;1136.8919810000002;-673.446825;1419.2709;1108.333175;1789.0624249999998;1256.2499249999998;3330.7290749999997;1441.1457500000001;3546.875;1477.083;17.2509595;-10.4488165;3574044.35;875454.85;0.2981250175;0.1293333425;0.0;0.0;0.57715965;-0.00804108025
'IITM_CLU_01909_22_tB.wav';0.0;0.0;0.0;0.077148085;0.03511126;0.0;0.0;0.0;0.0;-100.0;0.0;6.24269535e-05;0.000123556005;4.0876127999999996e-05;6.659384499999999e-05;18.27666;8.451213;-8.240822999999999;-9.618993499999998;-1.5492291000000002;1.8166919999999998;-8.313496;-0.06924110000000003;25.866615000000003;15.071314999999998;18.67653;-1.3717915000000003;18.38746;-4.916396000000001;-13.12462;-1.9727160000000001;-0.5601424500000001;1.0107640500000001;-0.37465525;0.55854365;2.0811365;-0.125684235;0.74265195;0.223494575;-4.383602;-1.9946700000000002;-4.589451;-4.6648305;-1.1429245000000001;3.3773555;-1.1012731;0.51097385;1.1643785;0.17625609999999997;4.676248;0.5156789500000001;0.079412305;0.025211255000000002;0.0072026395;0.005202804;6.149538e-05;9.846253e-05;3.584139;-0.29551355;119.79165;78.64583;505.20835;486.97915;1645.83315;971.8752;6057.2915;56.770824999999995;1.4050665000000002;-0.18718859999999998;6202779.0;-187207.1;0.20166669999999998;0.02983334;0.0;0.0;0.5317615;0.0
'IITM_CLU_01909_23_i.wav';0.0;95.15537333333333;-0.04583504333333333;0.9293354333333333;-0.10920654333333334;0.0;0.0;0.0;0.0;5.185592;0.002505377666666667;0.02240737666666667;-0.005722035;1.4074953;-0.3560920333333333;19.455533333333335;-18.861320000000003;2.3173654666666668;-7.264491666666667;-5.502016;1.7521643333333332;-15.250256666666667;32.568443333333335;24.579790000000003;64.78800000000001;-18.194603333333333;-26.096253333333333;-8.86101;-10.60151;-41.96596666666667;-10.423841;-2.9806223000000003;0.6136414;0.82225121;1.0561628666666667;-0.6617190333333333;-0.3348412333333333;-0.18301743333333334;0.21213532666666665;1.3998670333333332;-4.536981;7.485080333333333;3.6565050000000006;1.6020386;1.8504343333333333;3.346996666666667;-0.3952947;0.28083793333333334;-0.019475603333333334;2.580730666666667;-0.1553353;0.0003247863666666667;3.74731e-05;0.3711295666666667;0.12469036999999998;1.3250209999999998;-0.18548861333333333;218.85710000000003;234.73715;184.02776666666668;-5.208333333333333;208.33333333333334;-7.291666333333333;319.44446666666664;-41.666666666666664;378.4722;-33.333333333333336;11.791623333333332;3.471181333333334;45391.456666666665;-9572.974333333334;0.05361111333333333;-0.01505556;0.2964245;0.0;0.7243658333333333;-0.0008416602666666667
'IITM_CLU_01909_24_tB.wav';0.0;0.0;0.0;0.05120590428571429;0.01720544014285714;0.0;0.0;0.0;0.0;-100.0;0.0;3.3877552785714285e-05;4.2884478132857144e-05;6.268700285714286e-05;9.777544857142856e-06;9.98857642857143;-0.7592111857142857;1.6804524571428574;2.5948103685714288;-1.711422142857143;0.1788526857142858;-5.947093000000001;20.92262242857143;33.15881142857143;31.58558142857143;12.139104571428573;-5.2506853285714294;3.8626368571428573;-2.1617355714285713;-17.08766914285714;0.42933572000000003;-0.6802333571428572;0.30833861428571424;-1.0574495714285714;-0.3407388285714286;-0.2781940071428572;-0.0045261142857142235;1.0283871142857142;-3.2949732999999997;-2.9261455614285716;-4.051090714285714;-0.24921572857142854;0.5528265857142858;-0.18160465157142852;0.8951182442857143;2.2426076714285714;-0.5183839071428571;0.3128997857142857;0.172042615;3.159106428571429;0.4102232214285714;0.023916075014285713;0.020533932928571426;0.011875767142857143;0.002324778728571429;0.00010420378142857143;2.390696142857143e-05;718.8309714285715;-86.61361428571429;105.65476571428572;58.184514;212.79762857142856;216.51785771428573;522.3214285714286;435.5654708571428;1002.9761857142857;647.7678182857143;20.599129857142856;-2.368687428571428;720088.8342857143;609074.5781428572;0.057976195714285715;0.031404760428571425;0.0;0.0;0.24930022857142856;-8.593827142857142e-05
'IITM_CLU_01909_25_v.wav';0.0;98.72064999999999;-0.08346758666666666;0.5106892333333334;0.024912117;0.0;0.0;0.0;0.0;16.07903;0.2644600666666667;0.0006543272000000001;9.880038999999999e-05;0.22136653333333334;0.028104316666666667;2.4848801733333334;-19.344646666666666;-15.417700000000002;-16.884036666666663;-14.912403333333332;-0.7149551000000001;-11.012253333333334;41.924659999999996;29.434593333333336;29.05872666666667;-2.4055226666666667;6.097290666666667;-5.172478333333333;-33.36873;-20.182226666666665;-0.8279042333333333;1.132928;1.8484569999999998;0.6512448333333333;-0.35975394000000005;0.8932867333333333;0.6252093666666667;0.7065823;1.1437807999999998;0.8424512666666667;-1.1176379333333333;-0.8731945333333334;1.4038026666666668;0.8966486333333332;-0.9140165666666666;-0.36444689999999996;-0.017862896666666666;0.22923523333333332;-0.0010149140666666666;1.8715203333333335;0.025224247;9.949929e-05;-9.024545e-06;0.23472786666666667;0.07839699333333333;0.5379158;0.09671625333333334;1650.257333333333;-144.15953333333334;187.5;-0.6944446666666666;204.8611;-3.4722196666666663;218.75;-2.430555666666667;236.1111;-3.4722196666666663;24.284716666666668;-2.5386782666666665;3762.6136666666666;79.50176666666667;0.025000000000000005;-0.00019444436666666667;0.0;0.0;0.7422721000000001;-0.0007239287999999999
'IITM_CLU_01909_27_i.wav';0.0;197.2237;0.0;1.1010045000000002;-0.07306188999999999;0.0;0.0;0.0;0.0;8.833862;0.0;0.04074228;-0.004928391;2.5434315;-0.51277025;7.6172465;-25.679515000000002;5.506057;6.2767055;-10.790395;-1.5600933;-11.25644;29.64837;22.763514999999998;60.50722999999999;-10.5630985;-23.418135;-5.3734395;-26.09623;-48.917790000000004;-16.89152;-0.43728389999999995;-0.071687115;1.3123529999999999;0.0854088;-1.5830245;0.4370872;0.121944955;0.51913215;0.95554275;-1.930776;3.898486;1.55971;3.238945;2.119431;0.9616892;3.4611575;0.29302700000000004;-0.015591205;2.534525;-0.11726696;0.0004512766;-8.825800499999999e-06;0.3451651;0.15622550000000002;2.2436955;-0.22134465;142.5953;36.470394999999996;203.125;-5.729165;213.54165;-6.770833;348.95835;-33.854165;401.04165;-25.0;10.574765;1.0194659000000001;47339.09;-3999.4595;0.05833333;-0.0029583335000000002;0.0;0.0;0.77303825;0.0
'IITM_CLU_01909_28_kh.wav';0.0;0.0;0.0;0.36268914;0.01920469746;0.0;0.0;0.0;0.0;-100.0;0.0;0.0041255422;0.00020102111999999997;0.00101931672;0.000170014648;13.627887800000002;8.374198799999998;6.718271200000001;-9.9393464;0.34578053999999997;-3.8915548;-3.1088810000000002;2.1843712;-4.2634056000000005;9.2715428;6.706818399999999;-3.7642686;-19.7001852;24.617282;2.0684949;2.82113244;2.8831035799999998;-2.0394489460000003;-2.6664341479999996;-1.0760503;-1.0030698;0.8877085000000001;-0.6135389508;0.35340264;3.1794371999999997;3.5976964800000006;-0.23989788;0.48833208;4.5565444;0.5215233999999999;0.55406304;-0.60822906;1.29968646;-0.09757003;6.0101844;-0.16092677100000002;0.11310824800000001;-0.008539046540000001;0.054027654;0.0077543604;0.0025525234000000003;0.00036453212199999993;3.7477159999999996;-0.11413345999999999;706.25008;-172.083334;1422.9165399999997;-259.791674;2566.6668;0.20833519999999908;4329.166800000001;-45.00001999999999;1.0750910399999998;0.034001022;2513265.0;147303.88999999998;0.27000002;0.001216664600000001;0.0;0.0;0.5305123199999999;0.0019292198099999994
'IITM_CLU_01909_29_9r.wav';0.0;193.5341;0.0;0.40597589999999995;0.05973269;0.0;0.0;0.0;0.0;1.6469650000000002;0.0;0.0013655305;0.0012428454000000002;0.021575875;0.04484558;-2.2158605;-15.404095;-2.4150675;-19.529725;-19.026075;-0.52511575;-9.3059765;29.483925;13.522255;46.831430000000005;4.228208;-9.994356;-9.707736;-7.8112415;-2.7732710000000003;-6.8464075;-4.782937;-0.060377895;-0.9963305499999999;-0.42956399999999995;0.15649211500000001;-0.6613472499999999;-0.30404655;2.127479;-0.8505026299999999;-1.9853865000000002;-0.75934055;-1.67049725;-0.5726215;-0.5036986;1.1085288;1.3761805;0.22179955;0.0030248003499999997;2.002813;-0.014885299000000001;0.00117120745;-0.0002501073;0.12493646000000001;0.078136835;0.10458203;0.10298948000000001;339.8998;60.863565;177.0833;1.041667;187.5;3.6458335;208.3333;1.041667;218.75;8.854167;15.68831;0.9908015;39541.205;-6970.368;0.04208333;-0.006708333;1.0;0.0;0.7523547500000001;0.0
'IITM_CLU_01909_30_A.wav';0.0;204.50928571428568;-0.09712437285714284;2.0911205714285717;-0.009454461428571426;0.002746585;0.0;0.005077848857142858;-3.814195285714285e-05;19.09077857142857;0.05425624714285715;0.6713885714285713;0.046635100000000006;0.7412667142857143;-0.06731184428571428;-23.43566714285714;-35.82758142857143;-2.692853857142857;-10.130649571428572;-15.944742857142858;-11.420871714285715;-11.389612714285716;40.49808571428571;-21.911174285714285;8.13166442857143;-18.018225714285716;15.787583428571429;5.219780014285715;-12.24564242857143;-3.855413;-9.339757285714287;0.20499461428571422;-0.7617198199999999;-0.5119034787142857;0.25393169285714284;-0.044674237142857155;-0.36099682857142873;0.5209288528571429;0.5287875138571428;-0.30279641428571435;-0.8517894571428571;-0.8819718571428571;3.0590241142857137;1.7158901428571427;-0.8725584285714286;-0.009775548571428594;1.5582655142857145;0.46092375714285716;0.010952160428571429;3.378974428571428;0.035363457142857144;0.0016637521428571427;-0.00015517306142857142;0.3178833714285714;0.04821614285714286;2.6623295714285717;0.007731394285714288;13.144634142857143;-1.2767597428571429;196.42857142857142;0.7440475714285714;223.2143;0.4464285714285713;750.0;25.446426714285717;922.6190142857142;20.833331857142856;2.3327885714285714;-0.1877741571428571;173548.25714285712;2946.193857142857;0.054999998571428566;0.002261904071428571;0.07320320428571428;-0.0012962184714285716;0.8344140285714285;-0.0001539412642857143
'IITM_CLU_01909_31_p.wav';0.0;0.0;0.0;0.11005564000000001;-0.020015542200000003;0.0;0.0;0.0;0.0;-100.0;0.0;5.65270348e-05;-2.2000795999999997e-05;0.0014837154199999999;-0.00066509612;-4.68235608;-17.627652;-8.150268800000001;-6.223471999999999;-6.1332786;3.216953599999999;2.13594404;37.926862;19.009384;4.5686968;-1.2914299799999998;16.01911;19.146982;-8.784171399999998;-16.530538;3.7551174599999997;1.54814862;2.2806634;0.7755865199999998;-0.022899760000000036;-0.07397887999999994;-0.13542890000000002;0.66517702;-2.26021466;-0.34736645520000003;-0.3108986;0.9969406800000001;-0.91814744;0.8579231999999999;2.4523219999999997;1.5708402;0.003952619999999918;0.22293418000000004;0.006098101999999999;3.0194228;0.20573796;0.00152119388;0.00372053108;0.049701646;-0.006577021;0.0022289833599999998;-0.00108390176;320.75048;-47.578522;131.25;-16.875;185.41666;0.20833420000000008;231.25;4.7916658;291.66666;70.4166667896484;11.671999600000001;-0.8482460599999999;34421.604;55422.980599999995;0.044;0.0059999996;0.0;0.0;0.64932704;0.0007440667000000001
'IITM_CLU_01909_33_dr.wav';0.0;90.06353;-0.0005660588666666666;1.4923946666666668;-0.12502748;0.0;0.0;0.0;0.0;14.86715;0.0;0.14313343333333334;-0.01673117966666667;0.6297849999999999;-0.09229554333333334;-11.569763333333333;-11.526761333333333;-15.032210000000001;-20.90816;-0.7095995666666667;-9.422559666666666;-6.706331333333334;48.31925666666666;-14.833089999999999;25.23204;13.441098333333334;-23.68097;-9.355838333333333;7.113820999999999;9.559582666666666;3.000231533333333;0.3844610133333333;2.6198946666666667;1.743514;-0.8505057333333332;-1.7607314333333335;0.3368920666666666;-0.42928906666666666;-1.0008911333333332;3.5816564;4.2048663333333325;3.7294153333333333;-1.3648055333333333;-3.0692746666666664;2.2359940000000003;-0.7949010866666667;-2.304422;0.29368863333333334;-0.01902257333333333;2.682684333333333;-0.1862649133333333;0.0004659865;-5.289851666666666e-05;0.22315473333333333;0.07529854666666667;1.6242856666666665;0.015009839999999998;31.21202333333333;86.27440733333333;177.08333333333334;-7.291666333333333;187.5;0.0;256.94443333333334;-27.43056;552.0833;-84.37498333333333;4.663582666666667;1.9469333666666666;98822.64;-9073.1988;0.038055556666666664;-0.002472223633333333;0.02233299;0.0;0.7449066333333333;9.205216666666667e-05
'IITM_CLU_01909_34_A.wav';0.0;184.43006666666668;-0.27314837555555554;1.6924515555555555;-0.009546840111111113;0.008661448;7.242880777777778e-05;0.014915398888888888;5.552015666666666e-05;17.923012222222223;0.12252104366666668;0.21187705777777777;0.010381417777777782;0.3308114888888889;-0.06377049366666666;-20.867689999999996;-32.54078444444444;-5.024999;-12.575203555555555;-15.07570111111111;-2.4022283555555557;-5.362011222222224;41.02251555555556;-13.386564555555555;14.729745000000001;-11.842046999999999;12.99198071111111;10.812010444444443;0.9054110222222221;4.920558111111111;-5.386917222222222;-0.8763844222222221;0.009820233333333341;0.5383281666666666;1.4645571222222222;-0.36160541666666657;-0.48139302222222224;0.8721955777777778;0.32709405444444445;-0.4065767888888887;-0.3926459000000002;1.821468811111111;2.3357666666666668;2.9949571555555554;-0.2521375222222223;-0.2854465888888889;1.2453243666666667;0.3424744222222223;-0.007583506777777778;2.792734444444445;-0.05569497666666666;0.0012604764333333334;-6.219810766666667e-05;0.4286217666666666;0.029823087999999998;1.9742685555555555;0.02849973855555553;29.98442333333334;2.4299655555555564;180.55555555555554;-3.2407406666666665;201.38888888888889;-4.050926111111111;399.30556666666666;-13.310180777777774;737.2685222222221;-31.01851888888889;3.855974444444444;0.08157158888888885;111937.06333333332;-1084.963111111111;0.04268518444444445;0.0010370369222222223;0.14346218777777778;-0.008696144647777777;0.8018452666666666;-0.0005104516111111112
'IITM_CLU_01909_35_tBh.wav';0.0;0.0;0.0;0.1592392275;0.033636899125;0.0;0.0;0.0;0.0;-100.0;0.0;0.0004783347925;0.00053031697825;0.00118363238;0.00017849963125;-2.323589000000001;1.316527537499998;-0.6440561249999992;-9.325753125;-5.918897605499999;2.444049;-0.36264558749999987;20.080797;20.43598925;15.780513749999999;8.83879925;4.594662875;13.269504;17.17761875;5.42426775;0.030605612499999935;1.8900519375000002;4.020081875000002;3.0573791750000003;0.9446704999999997;1.1574495;0.933014005;-0.4048354125;-2.5803162625000002;-2.6134452;-0.30576822375;-1.32679947875;0.3788728;1.0283501625;1.7472287874999999;1.6100687500000002;0.7901395687499999;0.19009855250000002;0.030983572375;2.6521973749999996;0.017755343749999986;0.011729405;0.002148576375;0.10040260125000001;0.0248475219375;0.0009297282624999999;0.00017550150125;529.9096637499999;-59.4295825;101.56249125;19.270829375;128.90624624999998;55.989584625;164.0625075;77.343750875;238.28125;95.70313;15.993561875000001;-1.4463824875;294203.98875;65032.39387500001;0.054479166249999995;0.008135415485;0.0;0.0;0.2816723475;-0.012743670662500001
'IITM_CLU_01909_36_A.wav';0.0;169.79120666666662;-0.18909037533333337;0.918617706666667;-0.06074046600000001;0.007347588266666666;2.277445046666667e-05;0.0158366528;6.410720266666667e-05;16.765165000000003;0.20180086619999998;0.1514162171266667;-0.008241584893333332;0.05291158810666667;-0.009614654573333332;-12.892337200000004;-26.243221333333334;-10.745859266666665;-9.336514;-16.664309199999998;-6.974469533333335;-8.135551799999998;38.75348066666667;2.3027482000000004;14.270026133333335;2.7483695333333333;44.03730933333333;32.90700999999999;-18.666463333333333;-3.491730574;4.744141806666666;0.7337087339999999;0.8556937779999999;0.4786509866666666;0.12271306399999998;0.7402318086666668;0.6494804213333333;-0.3034537033333334;-0.37665543599999995;0.908761853333333;0.3471105353333334;1.4481312133333333;0.7201152999999999;1.5461571708666666;0.14440581666666658;-0.2666941673333334;0.8040546733333331;0.23079222666666668;-0.004586190799999998;1.9964661333333333;-0.009231631400000011;0.0006365216600000001;5.157330866666667e-05;0.35079405999999996;-0.0027657080000000034;0.9732922920000001;-0.04441424533333333;449.4489193333333;28.039738999999994;162.5;-3.680555533333333;172.22222000000002;-2.6388890666666662;191.66666666666666;-3.680555533333333;387.5000066666666;4.236118399999995;13.213645733333333;0.6301681866666669;50905.2208;-355.0762333333332;0.031611110666666664;-0.0023222221266666664;0.16735275533333333;-0.0030580185980000002;0.7647066666666668;-0.00029628297999999997
'IITM_CLU_01909_37_ch.wav';0.0;0.0;0.0;0.4210918071428571;0.06763228285714286;0.0;0.0;0.0;0.0;-100.0;0.0;0.015499505045714287;0.0035014932857142847;0.0002371419742857143;6.936870714285715e-05;10.467174285714288;14.196799178571428;-4.803710571428572;-4.052805735714286;1.7713731000000001;1.2816355000000004;-7.604452285714286;-18.558879771428572;22.540475714285716;28.86881;3.1055688571428566;-6.318054714285714;11.155883285714285;2.499380285714286;-1.3313977142857143;-3.3193093285714284;0.05624734285714287;2.7472698571428573;-0.4340172142857141;0.4871922428571427;0.6104963999999999;0.030542328571428516;-0.056250537142857146;-2.6066179428571425;-2.1728132285714286;-0.5823045028571429;1.3779844571428572;-4.571435042857142;-3.0709543857142854;1.4684890857142858;3.3143290000000003;-0.4984240428571428;2.5258373428571432;0.2570200071428571;5.791412571428572;0.2116778571428571;0.09937143142857142;0.007388238357142857;0.12423673728571429;0.023790337714285712;0.015508497275714286;0.002581230571428571;3.615954714285714;-0.7504308;2471.7260485714287;300.2975742857144;3706.845185714286;455.35703571428564;5212.797571428571;573.0655285714286;6107.142857142857;372.76784285714274;0.12640569711428573;-0.24607157857142856;3423028.285714286;46224.33571428571;0.4602381142857143;0.033964291428571436;0.0;0.0;0.4607606999999999;0.003865368285714286
'IITM_CLU_01909_38_o.wav';0.0;206.1268;0.0;0.9077874000000001;0.085557475;0.0;0.0;0.0;0.0;1.900986;0.0;0.02074965;0.01313276;1.5481574999999999;0.1743688;2.14254185;-14.96179;-18.476025;-18.33547;-14.381355;-0.8673028500000001;-13.10173;44.339135;21.35998;6.4215275;-18.931905;6.712979000000001;0.46662800000000004;-44.97747;-28.166545;-8.8295375;4.2731505;-0.8639702;-0.48300517;0.51341715;-0.24526504999999998;0.6466145;2.01764;1.8089695;-1.5720969999999999;-0.1437984;-0.7821463;0.20745805999999997;2.9335445;0.65010315;-4.202717;3.074415;0.2798336;0.0023916600000000003;2.4615385;6.866500000000074e-06;0.00026047315;-4.096831499999999e-05;0.5274312;0.05839194;1.3191935000000001;0.28981670000000004;376.27155000000005;-102.18057999999999;203.125;-5.729165;218.75;0.0;250.0;14.583330499999999;406.25;0.0;10.794085500000001;-1.8758844999999997;12738.09;2080.7885;0.054583335;-0.0100416655;1.0;0.0;0.8056270000000001;0.0
'IITM_CLU_01909_39_tr.wav';0.0;0.0;0.0;0.2418562175;-0.070110715;0.0;0.0;0.0;0.0;-100.0;0.0;0.000111953314;1.1410802499999993e-05;0.030251640225;-0.015268030750000001;-3.5046618475;-8.679848;-9.82055425;-9.61720725;-7.731293;-7.104575999999999;-8.0664485;35.9217;29.9275025;24.8053125;18.896;3.2372739000000004;-4.36155375;-14.3088675;-13.8489425;-6.307583575;1.4569606249999998;1.230511;2.50589775;2.9857417500000003;3.0811625;1.820001425;0.7801285325;-4.025272;-1.717089525;-0.46292045;-4.365184;-0.8436840000000001;1.5210524999999997;0.65142848;-1.130381575;-0.931848725;0.22123507500000003;0.042488701499999997;2.22199575;0.390554575;0.0007480808;0.0034566679;0.39873322499999997;-0.02340668;0.22539852125;-0.117181245;3345.1522499999996;-686.00746;171.875025;41.92709125;200.520825;56.24999125;218.75;69.79166525;260.41665;193.48956750000002;39.144130000000004;-4.03406675;10089.37025;76559.63824999999;0.026458335;0.007916667075;0.0;0.0;0.6708737499999999;-0.0041277267500000004
'IITM_CLU_01909_40_e.wav';0.0;208.58883999999998;-0.33611821399999997;1.312875;-0.0268338158;0.008111792;0.0;0.0098891286;-0.00017272655999999998;10.912129000000002;0.4551361100000001;0.16597824;-0.009451542400000002;2.071411;-0.2190455;15.91094;-30.957516;-7.0139236;-18.590114;-8.896623;-8.6899118;-16.548983999999997;28.556424000000003;10.586418400000001;65.53484;-33.040782;-35.274194;-9.871740599999999;-15.264318;-45.323498;-6.0086218;-0.1286815424;-0.6058068719999999;1.2745260120000002;2.0679558800000004;-0.33955834;1.43103836;0.18217917999999997;0.21055348999999998;1.984846812;-0.15523099200000004;3.2600230199999998;1.55110862;3.2083395999999995;-0.46478772399999996;0.62954376;0.17464909999999997;0.34826888;-0.0163314154;2.7133887999999997;-0.091624264;0.0005812458799999999;8.430703000000002e-06;0.31981961999999997;0.04214809599999999;1.7155698000000001;0.05875467200000001;31.7802;11.292508459999999;206.25;-5.8333332;231.25;-7.291666599999999;381.25;-29.1666674;441.66666000000004;-8.3333346;5.229812;0.582721978;214682.18;-16473.493599999998;0.09583334;-0.0034999996490116202;0.036496004000000005;-0.00084883312;0.8046173;-0.00071826654
'IITM_CLU_01909_41_ch.wav';0.0;0.0;0.0;0.293456836;0.04803590942;0.0;0.0;0.0;0.0;-100.0;0.0;0.0086753579664;0.0027518088772;0.00118963193;-0.000446196173;8.8090615;3.652157;-7.2273657;-4.53151739;-0.8353638540000002;-2.1267767600000003;-6.307363799999999;-1.5730736000000014;32.448898;31.054001;0.9208014900000002;-3.34490498;3.1956208;-4.4626263999999995;-12.2645929;-6.5869249;2.7100988900000003;3.941845119999999;-0.168752882;0.7883418409999999;1.2458293830000002;0.3033668100000001;0.011939760000000016;-6.000450689999999;-1.329911115;-0.64562971;-1.2322586299999996;-1.8988731700000003;-0.5639845000000001;1.9699696799999997;3.10117405;0.14702267899999982;1.73319668;0.28540398699999997;4.6655421;0.42886209299999994;0.0584956745;0.01114951586;0.13950980400000002;0.007871378500000002;0.018003780810999997;-0.0017603787999999996;962.9623967999999;-495.8330149699999;1705.2082699999999;301.97910200000007;2569.79157;428.229116;3361.4583399999997;634.895885;3930.2083700000003;656.8749909999999;10.532076820000002;-4.446868647999999;1961346.4597;324410.008;0.30175000399999996;0.052141662500000005;0.0;0.0;0.5211372599999999;-0.00606987214
'IITM_CLU_01909_42_o.wav';0.0;92.29318333333333;-0.04934303666666667;0.9460716666666666;0.06780918333333334;0.0;0.0;0.0;0.0;3.2871123333333334;0.0034906926666666664;0.018531681333333334;0.006955259000000001;1.3568833666666666;0.25099296666666665;17.772613333333336;-7.813368;-15.514630000000002;-12.294416666666665;-15.144936666666666;0.6166869999999999;-4.897670000000001;46.04981999999999;23.29121333333333;9.618818;-18.457136666666667;7.531579333333333;-1.1188260666666667;-37.19472;-24.64372666666667;-0.3573546666666667;2.3999203333333337;0.6483602666666667;0.27172630000000003;-0.6434963;2.375610333333333;0.5802127;0.1115716;1.2857983333333334;-1.4060636000000002;-0.34405759999999996;0.47345676;-0.09500086666666667;0.9261612666666666;-1.679879;-0.7613685666666665;4.220698333333334;0.28429163333333335;0.007336610666666667;2.7522223333333335;0.05116477;0.00031219753333333334;-2.2394263333333335e-05;0.4883306666666667;0.030499207333333334;1.3165957666666666;0.2118481;210.0223666666666;-58.83168333333333;187.5;0.0;211.80553333333333;-4.513888333333333;322.9166666666667;21.527776666666668;406.25;13.888889999999998;7.473930333333333;-1.3285423333333333;17424.46;2287.815;0.05500000666666666;-0.008416667000000001;0.0;0.0;0.7460333333333334;9.976239666666666e-05
'IITM_CLU_01909_43_tr.wav';0.0;0.0;0.0;0.14007939333333333;-0.027103810000000002;0.0;0.0;0.0;0.0;-100.0;0.0;2.367981333333333e-05;4.5842945e-05;0.0026167473;-0.001261669;-1.8187315333333336;-6.903749666666667;-5.447894000000001;-6.698834666666666;-6.627608333333334;-6.009130333333334;-6.187062;32.45202333333334;30.085853333333336;27.851286666666667;16.246803333333332;6.644863333333333;2.1496815999999996;-8.817636;-14.20393;-5.354529666666667;3.0427546666666667;1.1104529666666667;0.8000846666666667;1.2048426666666667;2.2947106666666666;2.5163093333333335;0.4965014666666667;-4.884392999999999;-2.9083583333333336;0.9810636666666667;-5.515381333333333;-2.6839333333333335;0.6177216066666666;-0.9817546666666667;-1.4917771000000002;2.4547596666666665;0.20348346666666664;0.101580247;2.394993;0.5341758333333333;0.0015394488333333334;0.008224340933333333;0.218518;-0.018359906666666665;0.037109684;-0.01915093;2595.7107666666666;-1092.0292333333334;145.83333333333334;7.291667999999999;190.97223333333332;222.916689;204.8611;267.0138776666667;256.94443333333334;329.1666433333333;29.513896666666668;-6.500247333333333;19881.162666666667;208759.20066666664;0.030833333333333334;0.018944445333333334;0.0;0.0;0.6567249;-0.0002380424
'IITM_CLU_01909_44_e.wav';0.0;72.31491749999999;-0.131665;1.3122305;-0.02509482575;0.0;0.0;0.0;0.0;11.2285275;0.46849827499999996;0.1336433;-0.010366183499999999;3.03146525;-0.152240495;17.9938575;-29.488805;-7.15472425;-19.3592775;-21.7612625;-18.0001325;-22.2142525;27.474535;13.291999999999998;59.2107025;-32.270689999999995;-40.0434075;-12.852524500000001;-19.0235125;-49.319755;-8.414754499999999;-1.2970322750000003;-0.2819982849999999;0.46109637499999995;1.9621278249999998;-0.12914169500000006;0.4909187;0.73310375;0.66182653;1.619179875;-0.42076729999999996;2.9563326500000002;1.721897425;2.7450845;-0.7590883500000001;0.539720325;0.384552475;0.3389225;-0.01609232225;2.6017154999999996;-0.12065640500000001;0.000641697725;-5.64721425e-05;0.36713095;0.05593797500000001;2.229539;0.30707235;48.3643325;19.16731825;218.75;-1.82291675;234.375;-6.770833;343.75;-42.447917499999996;453.125;-8.593751999999999;6.374243;0.794236275;143374.6;-18361.60525;0.0689583325;-0.00814583325;0.0;0.0;0.72009305;6.55096775e-05
'IITM_CLU_01909_45_9r.wav';0.0;194.02125999999998;-0.38054326;0.5180236;0.1010894216;0.0026023013999999997;-1.4101976e-05;0.011209720000000001;-1.9957637800000004e-05;20.469138;0.153601764;0.00261420862;0.004066745692000001;0.136427294;0.10665658380000001;-7.203974199999999;-14.341146;-16.171018;-17.535149999999998;-14.752908;-3.28566042;-12.493552600000001;28.337509999999998;26.795388000000003;48.128484;-2.0986612;-3.5060508000000006;-10.693558200000002;-4.9124680000000005;-12.185165800000002;-20.120992;0.25459010000000004;-1.4964764600000002;1.5703168;-0.7512001199999999;-1.12776046;1.39744374;0.714843356;1.01723152;-3.91262492;-1.6348453800000002;-3.4250239999999996;-4.2075493139999995;-1.5801173599999998;-0.16280190000000005;2.9070297999999997;3.6456680579999996;0.22787516000000002;0.00946988936;1.7212230000000002;0.147723445;0.00039385322;0.000103879958;0.21448063999999997;0.059310788;0.42170226;0.08118543999999998;1534.6658200000002;-474.62624000000005;187.5;0.0;193.75;3.3333331999999998;220.83334;7.5000008000000005;252.08332000000001;34.37499799999999;31.981711999999998;-5.817140800000001;15498.0272;7559.8805999999995;0.025333334000000002;0.0008499998;0.132122976;-0.0061021738;0.78825886;-0.0009644063
'IITM_CLU_01909_47_N.wav';0.0;172.06145;0.14633780166666668;0.7454083333333332;-0.04541244;0.0010672105;0.0;0.002439681;0.0;25.914914999999997;0.17304764833333333;0.0012708511333333332;-0.0003641852166666667;0.97760355;-0.07346562566666666;3.2172991666666664;-0.21664315000000003;0.4186709833333333;-6.9473598333333335;-3.5641905;-4.288264316666667;-7.986407499999999;45.68320666666667;33.38301833333333;19.424758333333333;1.0807408333333335;-2.2815501666666664;-14.781823333333334;-11.314487000000002;-13.156791866666666;-3.9041465;-0.6586114333333333;1.7633361666666667;-1.7650267833333333;0.7279638833333335;0.50483442;-1.0790303166666666;0.7891647833333333;0.4866277833333333;1.8025006666666668;1.01392785;2.332161166666667;-1.734690716666667;1.4597331433333334;-1.0149161999999998;-2.96801668;0.03652154;0.2411311833333333;-0.0029206230833333335;2.4773346666666662;-0.05801553;0.00018581766333333334;-3.9054398333333334e-05;0.17145473333333336;0.019612639333333334;1.2093168333333335;-0.028925198333333332;333.34736666666663;49.91567383333334;156.25;0.0;187.5;0.0;295.13888333333335;-14.583331666666666;343.75;-4.861110166666666;7.681827000000001;-0.08547386666666663;10368.604500000001;-1352.9950000000001;0.02152778;-4.166662500000001e-05;0.02088126933333333;-0.00087147345;0.7975468166666667;-0.00013464897166666669
'IITM_CLU_01909_49_b.wav';0.0;91.31969333333335;-0.018529726666666666;0.34143323333333336;-0.01595643466666667;0.0;0.0;0.0;0.0;13.58121;0.0;0.00013070123333333333;4.622112666666666e-06;0.012710513;-0.004058598333333333;-15.06856;-19.287503333333333;-18.304306666666665;-17.830633333333335;-18.281256666666668;-13.41172;-8.815400000000002;36.75326666666667;35.46956333333333;35.31755999999999;30.123639999999998;21.65156;13.146196666666667;1.076399333333333;-7.399285666666667;-10.86933;-0.4304086866666666;0.05321282333333336;-0.9001632333333331;-0.5779025999999999;0.7901672;0.022622960000000008;-0.5005923666666666;-1.4985486666666665;-1.5995203333333332;-0.9425749333333333;-0.3080890333333333;0.4887331;0.7474537666666666;1.8597823333333334;1.8097203333333336;-0.4114302333333333;0.1973993666666667;-0.0003932411;1.5481686666666665;-0.0024475163333333334;5.180170666666667e-05;3.382100699999999e-05;0.17164021666666665;0.07835424;0.764107;-0.13289740000000003;11046.532;468.6818333333334;156.25;0.0;187.5;0.0;187.5;0.0;218.75;0.0;63.82182333333333;4.606769033333333;1028.1308999999999;398.78575333333333;0.022500000000000003;0.0;0.0;0.0;0.7403320666666667;-0.0007375877999999999
'IITM_CLU_01909_50_i.wav';0.0;176.31;0.0;1.0375290000000001;-0.013091224;0.0;0.0;0.0;0.0;11.95641;0.0;0.032030884999999995;-0.002440669;1.929751;-0.1560665;22.12608;-13.99764;2.1426325;-8.647307999999999;-9.635104;-1.6804976;-10.119149;33.777699999999996;22.738750000000003;67.603645;-20.092489999999998;-31.556420000000003;-7.9815534999999995;-16.07906;-33.22074;-1.951608;1.3766984999999998;1.476015;-0.1228510115;-1.2394976;0.52649045;1.2437730999999999;-0.9047415999999999;-0.10666485499999999;0.03612757;-0.99424395;0.24131155;0.5800489499999999;-0.9471779499999999;3.1676140000000004;2.0044085000000003;-0.15071822;0.2859716;-0.0028289925;2.6842129999999997;0.0002790329999999997;0.00035828345;3.7752424999999996e-05;0.2125339;0.074979555;1.8584035;-0.051228465;124.61070000000001;3.7053073999999997;182.29165;-6.770833;203.125;-5.729165;343.75;-1.0416655000000001;375.0;0.0;9.855660499999999;0.003846299999999997;54559.655;-497.581;0.04041667;-0.00041666702499999997;0.43954440000000006;0.0;0.8026472;0.0
'IITM_CLU_01909_51_9r.wav';0.0;183.813;0.0;0.5355632;0.063657485;0.0;0.0;0.0;0.0;15.498460000000001;0.0;0.001300552;0.0014380239500000002;0.06999827;0.06175934;3.2234875;-4.301584999999999;-7.388409000000001;-16.212415;-14.260175;-2.7285945;-9.633441;30.2947;28.95775;46.855705;-2.6500525;-0.7366385000000002;-10.882414;-0.2951758;-4.861229;-9.2273625;-2.1663295;-1.6103407500000002;1.0924801499999999;-1.0501624999999999;-0.558269;1.0932334;0.085825585;0.88122115;-2.8516655;-1.22592965;-1.17619695;-5.1053885;-1.132466;-1.1780826;0.6606852;0.6348230499999999;0.2010842;0.0103172385;1.8108834999999999;0.09030686;0.00047274735;9.301105000000001e-05;0.154999;0.080405695;0.48598915;0.11699825;1028.18205;-189.05755;161.45835;6.770833;171.875;5.729165;192.70835;6.770833;223.95835;36.458335000000005;27.762905000000003;-3.4518050000000002;12984.29;3822.259;0.0225;0.0;0.0231931;0.0;0.7863041999999999;0.0
'IITM_CLU_01909_53_N.wav';0.0;186.76080000000002;-0.1890039916666667;0.8270503833333332;-0.023264405;0.0036436501666666666;1.935116666666667e-05;0.004340830833333333;-2.325012e-05;27.404799999999998;0.05348036133333334;0.0010911308666666667;-0.00015126338333333334;1.1319437666666667;0.027223929999999993;-9.039811;-8.506685666666666;-4.648609166666667;-5.184246;0.25077016666666657;-2.0838666;-9.6919685;44.04647333333333;35.020934999999994;25.632088333333332;6.00569435;-4.3199121666666676;-13.302621666666667;-15.894425166666664;-17.4642725;-13.365311666666665;0.24951167166666668;1.9343099000000004;-0.17312964999999994;1.3971880333333333;0.8760737;-0.4880965149999999;0.4768792333333333;0.156354765;1.0809163833333333;0.19162931666666663;2.0265223333333338;-0.4191785666666667;0.22424945;-1.3653478833333332;-2.09120235;-0.47166676333333335;0.23119338333333336;0.0006810179999999997;2.047975166666667;0.016518013333333335;0.00011275185333333332;-6.120134333333333e-06;0.20543551666666668;0.015344471499999998;3.4219383333333333;0.09392642000000001;805.3050833333332;-26.283796666666674;185.76388333333333;-2.6041666666666665;187.5;0.0;217.01388333333333;-2.6041666666666665;321.18055;16.840275499999997;12.694713666666667;-0.8259036333333333;5544.0886666666665;37.21456666666668;0.02333333333333333;-0.00016666649333333335;0.029788146666666664;-0.0003125901733333333;0.8057711;-0.00035817802999999995
'IITM_CLU_01909_55_e.wav';0.0;181.29101999999997;-0.41365409;0.87911596;-0.0577264786;0.0;0.0;0.00890604;0.0;18.481327999999998;0.14752258000000001;0.025299039999999995;-0.005393267879999999;0.9415993799999999;-0.100325746;13.379135999999999;-22.098092;7.262607;-7.2435152;-8.486659;0.049371919999999944;-13.4590256;31.625062000000003;28.32972;65.11595000000001;-16.9038432;-21.167218;-1.346501808;-16.8751556;-39.11322800000001;0.4148228799999999;-0.5010944799999999;2.0278673800000004;-0.8253491800000001;0.289914624;0.9258934999999999;0.06382800000000004;-0.64542342;0.542046942;0.22004056;-3.5168391999999997;6.079435600000001;2.06631954;0.9211101600000001;3.2675806799999996;2.421965;-0.97682924;0.25215529999999997;-0.011643510079999999;2.3303850000000006;-0.074119388;0.00034839774000000004;6.256275999999999e-06;0.33842901999999997;0.09630984199999999;1.4156391999999998;-0.09020424;261.83034;221.19976200000002;181.25;-4.7916666;191.66667999999999;-5.2083348;256.25002;-13.124997200000001;358.33332;-20.4166662;12.7682076;3.24757636;50968.704000000005;-11152.8276;0.036333334;-0.0018166666000000002;0.17391318;-0.0012017053;0.7583584;-0.0022390861599999997
'IITM_CLU_01909_56_c.wav';0.0;0.0;0.0;0.2518182942857143;0.06502388285714286;0.0;0.0;0.0;0.0;-100.0;0.0;0.004740502439428571;0.0017265427928571432;0.0001336618642857143;0.001487188009142857;6.513060057142857;7.183133714285715;-2.7316010142857143;-1.3562761714285714;-0.11518914285714286;0.2325342857142856;-6.058050857142857;-5.827534428571427;31.52571142857143;29.489534285714285;-1.0410969428571428;3.3520180428571424;10.670340428571427;-3.643092314285714;-13.595188000000002;-8.489564285714286;-0.9050212928571427;3.6925167857142855;-0.4572915457142857;-1.1325966857142855;0.7606319171428569;1.477661994714286;-0.027133640285714272;-5.452452857142857;-1.9277943571428573;-1.348636857142857;-2.5027187857142854;-3.458071344285714;0.7704055000000002;1.3248274428571427;4.002668000000001;-0.4332904675714286;1.8098765571428572;0.38271910000000003;4.831736714285715;0.4392824857142857;0.06037763871428571;0.01061506542857143;0.08137709571428571;0.027424391285714285;0.006497140385714285;0.003440140102857143;139.22010628571428;-69.1139062857143;1784.2261857142857;412.648771;2906.2501428571422;598.2143428571427;3528.2739;767.1131571428572;3758.928714285714;867.7084000000001;6.034157528571427;-2.7683521714285715;1730744.7314285715;371353.5928571429;0.3054761814285714;0.07007143142857143;0.0;0.0;0.3670700142857143;-0.00370960452
'IITM_CLU_01909_57_ow.wav';0.0;186.55753636363636;-0.016875998636363635;1.4674415636363636;0.019990364545454543;0.03419941309090909;-0.0005651647727272727;0.017701436818181822;-0.00040042577090909095;17.038145545454544;0.17794190427272727;0.6369690999999998;0.01913142727272727;0.37713360909090915;-0.0037302084545454543;0.047477154545454425;-18.287994272727275;-17.073348272727273;-13.631202363636364;-10.601255272727272;2.0874377272727274;-3.2553688181818177;42.955937272727276;-0.1056515181818182;-1.4789006818181818;-37.63771;30.525481818181813;27.858299090909096;-23.028154545454544;-10.462839636363634;-0.693151190909091;1.0471558518181818;0.9270039999999998;-1.0794752727272727;-1.0878731872727272;-1.3343486172727272;0.04727405981818182;0.6338577927272727;1.7428911181818179;1.3473510454545454;-0.5635093818181817;1.3647453745454543;1.528794;2.3841730545454545;0.33752812727272735;-0.6178476618181817;-1.0936904181818183;0.5001772999999999;-0.035803774272727275;3.7230231818181823;-0.24545845909090905;0.0049657423;-0.0025126835022727277;0.4469561454545455;0.02344679390909091;1.8302822409090913;0.0651407209090909;12.22768490909091;2.4669829454545456;193.1818181818182;-5.018939363636363;321.02272727272725;-28.882574545454553;717.8030363636364;-56.628778636363634;1246.212;-163.92045727272728;1.7977661818181816;0.17425373854545453;263662.1809090909;-79578.29718181815;0.09931818272727275;-0.014136363590909092;0.08411314181818183;-0.00181861886;0.8115271;0.0004502006181818181
'IITM_CLU_01909_58_k.wav';0.0;0.0;0.0;0.06029870500000001;0.0040799175;0.0;0.0;0.0;0.0;-100.0;0.0;3.2340539999999997e-06;2.11745745e-05;0.00033933105;-7.6788915e-05;6.840236;-3.9295389999999997;2.4715055;-6.691043;-2.4411724999999995;0.429407;-0.767738535;32.54695;32.85323;10.258591000000001;-4.0523865;-1.2136916;6.5883970000000005;-6.3790595;-28.35203;-9.892368000000001;-0.31734119;-1.1960925;-0.8081954;-0.13666160000000002;-1.3211087000000001;-1.7211705000000002;-1.37874355;-3.4670915000000004;-4.083961;1.7770685;3.2458185;1.1142588;-0.99944495;1.9614155000000002;3.576879;0.6694147500000001;0.26281050000000006;0.04913634;3.4369405;0.17480868;0.001803676;0.0101084225;0.006474482;0.0028800855;0.0001789913;-2.9744224999999997e-05;557.06485;-46.04922;177.08335;-0.5208334999999997;223.9583;19.791669999999996;291.66665;144.79165;375.0;256.77085;18.57983;-1.30557355;36767.115000000005;180798.65;0.03166667;0.009916665;0.0;0.0;0.6215135;0.0
'IITM_CLU_01909_59_J.wav';0.0;180.47422857142854;-0.2355891442857143;0.28799098571428566;0.026461315714285717;0.0;0.0;0.0071206771428571425;0.0;12.823823571428573;0.3954330742857143;0.0006914929142857142;0.0005737426814285714;0.007566248999999999;-0.0005550845285714286;-15.59960857142857;-17.035024285714286;-18.517682857142855;-18.16797;-13.628617857142856;-11.217120857142858;-11.269182;27.748006000000004;36.627159999999996;36.28160714285714;25.433724285714284;19.81986714285714;16.037951142857143;-0.5565579714285714;-5.6050512857142865;-11.352810428571429;0.44537931428571437;1.3934741142857143;0.013160228571428576;0.11117855714285708;1.447552457142857;1.450592557142857;-0.7755196571428572;-6.049439857142857;0.054641985714285704;0.7369004871428572;-1.6512516714285714;-1.0532535142857145;2.508745571428572;-0.3678448;0.9672478714285714;-0.19789285714285715;0.3447781428571428;0.16264597176714288;1.8852255714285717;0.2989874757142857;0.005057046599999999;0.006097297690714286;0.3437079142857143;0.0216500438;0.3101550985714286;-0.012836332857142859;7464.849399999999;-1152.1471714285715;319.9404285714286;123.06546628571428;424.10714285714283;191.36905714285714;501.48814285714286;456.3989;535.7142857142857;474.4048571428571;48.83153;-5.5559808;370347.1207571429;529522.945378;0.07392857142857144;0.03789285142857143;0.07525402857142857;0.0;0.7115051000000001;-0.0022784455714285716
'IITM_CLU_01909_60_u.wav';0.0;64.49594666666667;0.005145625;0.8435856333333335;0.0056658283333333335;0.0;0.0;0.0;0.0;12.27442;0.0;0.002586758;0.0003825175666666667;1.5505313333333335;0.08612428;0.5661401333333332;-4.354790333333334;-5.393602666666666;-4.982786999999999;-7.319803333333333;0.9210180666666666;-7.844455999999998;40.33907666666667;31.853156666666667;26.556723333333334;2.58875987;4.9257903333333335;-12.364723333333336;-42.35492333333333;-26.64849;-14.189879999999997;2.018513;1.02562674;0.20613629999999997;-1.0159358;0.35324620000000007;1.1294071666666665;-0.3437653;1.2259551333333334;-0.11310588666666667;-0.9881952633333334;-1.7968139999999997;2.5905780000000003;1.0013672333333334;-1.8810994666666667;-1.3652223333333333;0.3522268333333334;0.25749700000000003;0.0024504043333333334;2.2868926666666667;0.016697080333333333;0.00017527973333333335;-2.1156426666666667e-05;0.21662026666666667;0.05843206666666667;2.1001399999999997;0.06106336000000001;556.0034333333334;-98.17667333333334;187.5;0.0;208.3333;-0.6944436666666668;229.16666666666666;11.805554333333333;378.47223333333335;2.777775;11.145039333333335;-1.5447386666666667;8366.054333333333;269.0034;0.029444443333333334;-0.0009166662666666667;0.0;0.0;0.7104096333333333;-5.2096776666666666e-05
'IITM_CLU_01909_61_tB.wav';0.0;0.0;0.0;0.07665197750000001;-0.004229703999999998;0.0;0.0;0.0;0.0;-100.0;0.0;1.2663183500000001e-05;3.381720345e-05;0.000341407175;-0.00016089679;0.3458117500000002;-5.2111366;-3.884734525;-1.74956425;-3.16426225;-4.169494;-5.0398675;23.041835000000003;27.5170775;26.0704575;16.9755975;9.881079;4.94746875;-1.689842475;-11.03931725;-3.2122855;4.63764825;3.0250025;0.5826938999999999;2.69082325;2.70185225;2.088588475;0.5433224999999999;-5.2004345;-1.9716422;-1.414047335;-1.97115;-2.366225;-0.9453859500000001;1.37604705;-2.509207;1.9094212999999998;0.264187325;0.16716266525;2.8175067499999997;0.5744366;0.02141838125;0.028374906325;0.07161261000000001;-0.012240494250000001;0.004720869185;-0.0027725964999999997;1543.7369500000002;-727.0621249999999;140.625;7.812499249999999;184.89585;142.18750025;403.64575;472.91666599999996;648.4375;702.0833910000001;27.8738;-8.47459875;406057.1375;624871.4724999999;0.035208335;0.02720833425;0.0;0.0;0.4494325;-0.0031601414999999997
'IITM_CLU_01909_62_e.wav';0.0;167.02781;-0.1323611129;0.7672793500000001;-0.07300216;0.0312503316;-0.0005024591682000001;0.028774411399999998;-0.0005941114459999999;16.7453177;0.24818574899999998;0.0189330624;-0.00548014295;0.6411453140000001;-0.152385524;10.45034249;-15.64124;9.4186537;-6.673386499999999;-17.667723000000002;-5.1359771;-9.096290399999999;34.453159;30.381143;60.601701000000006;-9.0319229;-15.242088442000002;7.84330462;-20.482719;-27.500617999999996;13.5248043;-2.00402032;0.839406237;0.8481912100000001;0.36667796399999997;-0.62583427;0.12614966999999994;0.02558891799999997;0.14159815400000003;1.201897803;-1.54274438;3.454326579999999;3.2078967499999997;1.8358943399999998;-0.33310786;2.0097137;0.28588994;0.22209048000000003;-0.011933998400000001;2.1673964999999997;-0.11854606600000002;0.0002621787300000001;-2.4554211605000004e-05;0.35282220999999997;0.0191356595;1.4291996400000002;-0.104335848;644.752647;149.473952;162.5;-2.9166666;171.875;-5.0000004;231.25;-15.416668400000002;268.75;-18.541667800000003;19.1668253;2.51410408;37164.856;-9742.01791;0.030000000000000006;-0.0055166657;0.16513087999999995;-0.013569399621000003;0.7736194999999999;-0.000122919438
'IITM_CLU_01909_63_m.wav';0.0;181.7211;0.0;0.2972764;0.058995895000000007;0.0;0.0;0.0;0.0;0.6596285;0.0;8.707988e-05;5.9960705e-05;0.035557725;0.020757345;-16.690199999999997;-11.286840000000002;-5.257299;-2.5967255000000002;-3.3908925;-6.5291995;-8.111583;41.175135;36.944415;30.3151;17.80898;9.16134;1.55958435;-6.6995365;-22.047395;-20.368195;0.4693461;0.25517179999999995;0.28387145;-0.257756;0.32119805;-0.125880975;0.17621285;0.30092125000000003;-0.15123441;-1.3197131500000001;-1.4715292500000001;-0.7851349;-0.63716175;0.5704773000000001;0.4618703;1.1493039999999999;0.20534015;-0.00044665709999999997;1.8530799999999998;-0.045724665;8.085009500000001e-05;7.0287414999999995e-06;0.3007113;0.048477519999999996;0.2915999;0.24730674999999996;4257.089;-173.71966;156.25;0.0;187.5;0.0;203.125;-5.729165;218.75;0.0;35.583445;-0.28242865;1928.473;154.347295;0.025;-0.0009166662500000001;0.0;0.0;0.7784492;0.0
'IITM_CLU_01909_64_o.wav';0.0;196.07385;0.14826037125;1.1117167875;0.025486973;0.005478525874999999;3.7300223375e-05;0.0034165889000000002;-1.9166962500000002e-05;26.770371250000004;0.1002938875;0.015074894625000002;0.0040249248750000004;2.057443;0.10454219000000001;-6.2576815;-2.9895199;-5.96807725;-13.591911;-4.776584875;-4.917857124999999;-11.551766375;53.1357625;31.18741;1.2038645474999998;-32.857655;5.1621521249999995;4.961808874999999;-15.447308375000002;-17.9695625;-16.60551625;1.74053815;0.08157979999999998;-0.29676349249999995;-1.727111125;-0.4956154875;1.54886605;-0.2978946500000001;0.14739402499999998;-0.7292947999999999;-0.09351859624999992;-2.234204225;2.560331325;1.2369166875;-3.63810475;-1.2310399875;0.9543751712499999;0.2807752875;0.0033414651249999996;2.5465895;0.0161936015375;9.67943925e-05;-3.960386925e-06;0.1835748875;0.009280089875;3.3407910000000003;0.14782504975000005;95.34555499999999;-11.6552395;187.5;0.0;214.84375;2.083332875;351.5625;11.718751375;402.34375;2.08333425;4.12682275;-0.09148895375000002;15237.974999999999;731.5667925;0.0240625;-7.291670906612503e-05;0.039456821125;-0.0015762298312500004;0.8242814625000001;0.0002675663925
'IITM_CLU_01909_65_z.wav';0.0;198.07840000000002;0.40564062000000006;0.50801378;-0.07087104799999999;0.001888416;0.0;0.0050995879999999995;2.9129622e-05;22.699164000000003;-0.374958122;0.00035506189600000005;-0.000122252064;0.176029138;-0.06347806;-18.924768;-13.328306000000001;-12.359687200000002;-12.1273898;-12.3235822;-11.7696212;-14.049078;27.593776000000002;49.582402;22.201107999999998;33.53233;3.8263968200000007;-0.31553460000000016;-10.818783;-19.531468;-13.439426000000001;-0.32882538799999994;-1.0210896559999998;-2.9387071999999996;-2.1200004399999997;-1.0180051019999998;-0.44167439999999997;-0.45170648;-3.2641290000000005;3.11181788;-1.5352180000000002;3.1299195999999996;-2.0413949000000002;3.09365782;2.68830444;-0.4226801399999999;-1.44249086;0.21592108000000004;0.00277398128;1.5857134;-0.019292176;0.00016306786;4.78967978e-05;0.43408342;0.04376323080000001;1.6006617200000002;-0.39691511999999995;3650.4026;-721.13916852;187.5;0.0;189.58334;3.125;218.75;0.0;218.75;0.41666679999999995;49.62333199999999;-4.1903268;21209.0174;16902.438000000002;0.024666666;0.0016999999199999998;0.060877601999999996;0.00011305977999999999;0.78171402;0.00013627772199999998
'IITM_CLU_01909_66_e.wav';0.0;179.2926764705882;-0.1705853535294118;0.9000039117647061;-0.06029966;0.009055759647058823;-3.899235941176472e-06;0.013084003235294116;3.466839052941176e-05;20.652274705882352;0.021516067470588235;0.04501592845882352;-0.0032289309058823523;1.373748679588235;-0.17620779470588235;9.025895352941175;-22.773056235294117;3.8307050411764703;-6.1344871764705875;-12.197224429411765;-1.9510021647058826;-9.85431405882353;33.77216470588235;26.723320588235293;63.55796235294117;-13.728337117647058;-20.71891194117647;5.6690081411764695;-18.42646588235294;-34.32254705882353;5.18148111764706;-0.6243262629411765;0.8667907647058825;1.0735914336470584;0.3411818452941176;-0.6697946770588237;-0.44851568676470577;0.5358678058823529;-0.027351925882352978;0.6528113311764707;-0.8782848117647057;1.9557703005882354;1.6859489999999995;2.1830428235294117;0.039356605882352874;1.3779111094117649;2.081430511764706;0.23977505882352942;-0.008372660058823526;2.123349823529412;-0.03835226764705883;0.00022335435294117646;7.162689658823532e-06;0.37002387058823527;-0.0013594007058823517;2.3313219358823534;-0.18543893082352944;368.8653817647059;40.771496052941174;169.11764705882354;-3.5539215294117645;189.33823529411765;-3.676470588235294;250.0;-13.72549070588236;294.11764705882354;-12.745097882352942;15.56964241176471;0.8715899164705884;41318.525294117644;-2463.3652847058825;0.04382353;-0.0006617648941176468;0.10159869529411765;-0.0012740620647058818;0.7791504647058825;-0.00019560703647058825
'IITM_CLU_01909_67_kh.wav';0.0;0.0;0.0;0.36728735999999995;0.000512992;0.0;0.0;0.0;0.0;-100.0;0.0;0.0043858756;0.0001355121;0.0005249960199999999;-1.9428352319999995e-05;21.561110000000003;-4.3136114;7.932134400000001;-3.954904;-0.9920907999999999;-0.024178479999999957;-5.2830346;-4.08800094;4.32517522;23.160044;-1.6274570000000002;-0.023751739999999976;11.960061999999999;11.5466172;-6.1112763999999995;16.779809999999998;-0.6551913199999999;-0.026219639999999968;0.128219752;-0.27226268;-0.7120816000000001;-0.45405236000000004;0.624278698;-2.736497644;3.4433859999999994;1.1507412599999998;-2.3297994;-1.5659155999999999;-0.9643941399999999;-3.5858035399999997;-1.6640180340000001;-1.3188726599999998;1.4542764;0.161251106;5.883007400000001;0.09102770600000001;0.11576697999999999;0.0035838100399999996;0.055652747999999995;0.006794151599999999;0.0027927068;0.00012068484400000001;3.0750348;0.050775985;927.0833400000001;281.458332;1952.0832000000003;289.16666;3352.0834000000004;322.499984;4475.0;271.04166;0.433132074;-0.070173338;2894513.6;49212.979999999996;0.31233334;0.0345333332;0.0;0.0;0.46905768;-0.0073864512000000005
'IITM_CLU_01909_68_i.wav';0.0;210.668;0.0;0.77030525;0.08027969;0.0;0.0;0.0;0.0;4.096262;0.0;0.022668085;0.006045091;1.0122452000000002;0.27363855;-1.0343113;-24.242469999999997;-0.2401183;-12.94884;-17.152929999999998;-13.086105;-15.917785;27.19958;25.864069999999998;63.435159999999996;-22.63672;-24.59648;-0.9428067000000001;-32.449895;-45.674809999999994;-1.3010319;3.3241845000000003;0.025189899999999987;-0.057119285000000006;0.05459420000000001;0.6472443;0.42898955;-1.279966;1.01933545;-0.25139865;2.9344125;-1.644269;-2.3815234999999997;-1.00745315;0.21597412;-0.6541648499999999;-1.35333315;0.27257135;0.0026506615;2.2420575;0.005152726;0.0004522136;-8.9686315e-05;0.42146649999999997;0.07268482;0.9341818;0.3507961;144.13535000000002;-6.4700425;213.54165;-6.770833;218.75;0.0;250.0;0.0;343.75;22.91667;11.195654999999999;-0.2937457;56419.805;-577.4951;0.070833335;-0.015416665;0.0;0.0;0.79344925;0.0
'IITM_CLU_01909_69_l.wav';0.0;202.27035;0.0;0.6654407999999999;-0.02504651;0.0;0.0;0.0;0.0;25.9675;0.0;0.0029823024999999998;-0.0007032188999999999;0.45142855000000004;-0.036592205;-17.569670000000002;-10.41771;4.039638;-14.269275;-11.2325;-4.1722090000000005;-19.972389999999997;34.485565;30.96447;62.506789999999995;3.1517310000000003;-3.314024;-0.7485881999999999;-34.011095;-22.948729999999998;-15.176915000000001;0.42953375;-0.21666249999999998;-1.7311364999999999;0.7311278499999999;-0.46804745000000003;-1.2441822;0.67858365;0.45500204999999994;-0.53045425;-2.4506225;2.2245624999999998;-1.7722225;-0.61159265;2.2395125;-0.8074528000000001;-0.59058425;0.22299945;0.0005633287;1.6970610000000002;-0.0194423;6.9680155e-05;-1.2993499e-06;0.18469015;0.023731985;1.9467485;-0.03930732000000001;1695.6905000000002;140.1683;187.5;0.0;187.5;3.6458335;218.75;0.0;218.75;0.0;32.400145;0.09741229999999998;5057.351500000001;-718.0165;0.025;0.0;0.07822882;0.0;0.803367;0.0
'IITM_CLU_01909_70_aU.wav';0.0;203.06248571428569;0.07386130285714285;1.6561765714285712;0.007797525285714284;0.004069943285714286;-5.3881299999999995e-05;0.004440425999999999;-2.7384785714285715e-05;22.73266571428572;0.10224087571428572;0.19654807;0.021580784571428573;1.6603285714285714;-0.09397246428571428;-4.171701271428571;-31.228111428571427;-24.83903714285714;-14.154311428571429;-9.012653285714284;-6.957444285714287;-12.869444285714286;43.572157142857144;7.612420285714285;2.1242355714285712;-16.375815714285714;14.863862285714287;8.216031;-28.39380142857143;-11.747738;6.91122;0.4287340285714287;-0.10571724285714283;-1.2157594628571429;0.14787583714285715;0.14605085571428575;0.07598312414285714;-0.4852509342857143;0.05250113857142855;0.3208292142857143;-1.6880861428571428;0.6041783285714286;1.9319093285714284;2.2924837142857135;0.06963591428571426;-1.5760990857142858;-0.4655932571428571;0.2697977428571428;-0.0023306947142857143;2.254746142857143;-0.045862889999999996;0.0005070773285714285;-1.571423e-05;0.3523931285714285;0.018781480285714285;4.932026428571428;0.15161899999999995;94.21061999999999;-5.032113742857142;187.5;0.0;214.2857;-0.2976191428571429;223.21428571428572;-2.6785710000000003;324.4047571428572;-12.648808571428573;6.636980285714285;-0.1539474414285714;33262.984285714294;739.5766714285716;0.028690475714285714;0.001214285807142857;0.046785540571428565;-0.0011989097285714286;0.8241443;5.340447857142857e-05
'IITM_CLU_01909_71_nB.wav';0.0;64.96373666666666;-0.03944833666666667;0.8770469333333333;-0.025460656666666664;0.0;0.0;0.0;0.0;17.15022;0.0015036530666666665;0.0016909170000000001;-0.00019458063333333334;1.1122098999999999;-0.08909386333333334;-15.656680000000001;-11.037958666666668;-5.135706;-4.369892;-5.151900333333334;-7.498824333333334;-10.311030333333333;38.31026333333333;33.59599;29.15622666666667;17.141676666666665;0.21934970000000006;-13.269303333333333;-19.39643666666667;-21.512496666666667;-21.026876666666663;1.1324631666666667;1.7537603333333334;1.0180470666666668;0.32144152000000004;0.4557816333333333;1.0427780999999998;0.20038872333333335;0.22401746000000003;0.5459474;0.3229556266666666;-0.6835483666666667;-0.7144714666666666;-0.5336595000000001;-0.09807516666666667;-0.24502206666666668;-0.43199180000000004;0.2257347333333333;0.0007537504333333333;1.790409666666667;0.03789431666666667;0.0001251675;8.263738333333334e-06;0.3540392333333333;0.04993421;3.7338826666666667;-0.34533136666666664;2760.4780000000005;-411.65290000000005;187.5;0.0;187.5;0.0;218.75;0.0;222.22223333333332;6.250001666666667;29.992049999999995;-3.152559;3529.9156666666663;375.50033333333334;0.025000000000000005;-0.00019444436666666667;0.0;0.0;0.7170047666666667;-0.0005918716333333333
'IITM_CLU_01909_72_e.wav';0.0;169.06355;-0.08678962716666665;0.7782356333333333;-0.07343878525000001;0.010490919166666668;-7.721450955749999e-05;0.016279132749999998;-0.0001733581125;21.779369166666665;-0.0019045412500000051;0.017834003616666667;-0.0030462691166666667;0.6707167766666667;-0.13046011249999998;7.204397000000001;-16.093895833333338;7.043012833333333;-7.5214939166666674;-15.374228583333334;-2.0192083833333334;-10.039065833333334;35.01273749999999;29.762878333333337;57.77241;-14.045580433333337;-14.307411341666663;13.344700083333336;-18.594146833333337;-21.566331666666667;11.01153525;-2.326381346666667;0.2474649166666666;0.9794915666666671;-0.15427509166666667;-0.6289420616666667;0.030992054250000015;0.04628486666666668;-0.2076854;0.6665509558333333;-0.7085557083333334;2.746453591666667;2.3712631083333333;1.2496395489999998;-0.9602316225000002;0.7403165416666666;0.9775860916666664;0.2163492083333333;-0.005890070925000001;2.1357620833333337;-0.06788215333333332;0.0002637462;-1.5151258333333335e-05;0.29024972499999996;0.015139079766666666;1.2333105166666665;-0.15915877416666668;541.3087583333333;86.91416283333332;158.85416666666666;-1.56249975;169.27083333333334;-1.99652775;203.125;-7.291665583333333;270.8333333333333;-14.583334000000002;18.2949615;1.6606111183333336;30919.937000000005;-3589.1466;0.024027775;-0.0016527776916666667;0.047869735833333336;-0.00037358052916666674;0.7700996;-0.00019841520583333333
'IITM_CLU_01909_73_s.wav';0.0;0.0;0.0;0.162741;0.018508485;0.0;0.0;0.0;0.0;-100.0;0.0;0.00011758184999999999;3.7459969999999995e-05;1.257052e-05;9.7822e-06;8.900625999999999;5.070126999999999;-1.5244015000000002;-4.268922;-4.082428;2.01230455;1.04420045;-15.10793;17.930845;-0.02352899999999991;19.929805;-2.5137165;8.483833;18.37014;1.3680141650000002;14.11598;-2.092014;-2.0145524999999997;0.38162767500000006;1.211068;0.9436664499999999;-1.2692033;-0.52882575;-0.5357960500000001;1.13432755;-1.1285535000000002;-0.14034014999999997;-0.25616629999999996;-0.784481015;1.32469455;0.1288243;-0.6615335499999999;3.6098345;0.12303125;6.182029;-0.07277252000000001;0.1460224;-0.012220699;0.015988631;0.011809939;0.00058964105;0.0004484965;4.739389;1.215712;4260.4165;432.81255;6041.6669999999995;96.875;6828.125;5.2083985;7010.4165;-6.25;-1.564381;-0.25385325;4784097.0;-730908.6499999999;0.5941667;0.028583314999999998;0.0;0.0;0.0;0.0
'IITM_CLU_01909_74_k.wav';0.0;0.0;0.0;0.06432912;0.02315519;0.0;0.0;0.0;0.0;-100.0;0.0;2.0377845499999998e-05;7.7970715e-05;1.5632756e-05;5.4212195e-05;14.408265;-0.8360734999999999;0.7222679999999999;1.5122535;0.2904433;2.6415849999999996;-5.572521;7.0588835;17.430305;0.751574;18.754659999999998;29.982969999999998;13.85807;2.6748767;-2.5214109000000002;1.12447505;3.4348030000000005;1.5866215000000001;4.5142325;0.2695084;-0.43639295;1.328654;-1.6443619999999999;1.8330105;-1.4861405;-4.3225815;-8.3627795;-2.4423905;-1.1464466;2.918418;1.9190930000000002;-4.0247975;0.28718455;0.10668248999999999;2.9931375;0.39760215000000004;0.028984465;0.0034706315;0.005730947;0.005798145;3.86824125e-05;8.196858499999999e-05;25.38117;-2.7219625;41.666664999999995;60.9375;62.499995;109.37501499999999;234.375;163.54165;328.125;576.5625;4.6768015;-0.3744267;1268915.5;71319.83499999999;0.070833335;0.004875002;0.0;0.0;0.5697458000000001;0.0
'IITM_CLU_01909_75_u.wav';0.0;225.68258461538466;0.0049115576923077;0.8538326153846154;0.01996858584615385;0.0029377243846153847;-1.846978384615385e-05;0.004145498846153846;9.598518692307692e-06;22.28321376923077;0.32698405530769226;0.0037110093846153846;0.00043031456769230766;3.110166615384615;0.034989692307692284;-11.984576307692306;-10.301176846153847;-11.915602230769231;-24.993993076923076;-25.824208461538465;-24.593139230769225;-22.86970923076923;41.63331692307691;27.396123846153845;9.57832153846154;-12.723159692307691;-11.077305530769232;-17.37723769230769;-37.07500615384616;-33.17500384615385;-18.248018630769227;0.8014255471538463;-0.3932351615384614;-0.9473863503846154;-0.8077450538461541;0.058899615384615314;0.4686458772692306;-0.13940924615384614;-0.3130621946153846;-0.8794483461538461;0.7884046138461538;0.41631030076923076;1.7377785615384616;0.47164232984615384;-2.5624507846153852;-0.23432769230769226;2.016439063076923;0.2764166538461538;-0.0016306601853846156;2.023595307692308;-0.02641865946153846;0.00013063704076923075;4.5207699999999913e-07;0.2655289230769231;-0.00946585369230769;2.3072989846153846;0.11508015615384613;623.1435846153846;-0.1073969230769254;218.75;-0.5608974615384615;223.55769230769232;-6.832141690000964e-17;249.1987153846154;-1.2019230769230769;370.1923076923077;-6.410256769230769;11.819632153846154;0.41422411076923077;7012.264999999999;33.27317615384616;0.028653845384615392;-0.0004102566923076923;0.0977356646153846;-0.002882878091153846;0.8217365;0.0002401639953846154
'IITM_CLU_01909_76_l.wav';0.0;199.6554;0.0;0.8317959;-0.03921354;0.0;0.0;0.0;0.0;25.8915;0.0;0.004157178;-0.00056976535;1.0391811;-0.16670335;-22.590605;-14.45008;12.534785;-8.470153499999999;-12.005355;0.34291493000000006;-16.431865000000002;34.891605;26.29976;44.226505;4.8603445;-5.792598;-10.449461;-39.76338;-22.166555;-7.420235;0.4418417;0.455279;0.25518514999999997;-0.151521575;-0.4171215;0.21384275;0.8607001;0.21290665000000003;0.5667216500000001;0.8657369500000001;1.3147756;-0.53631025;1.571928;2.5590694999999997;-0.49363959999999996;-0.025779125;0.24633005;-0.005531051;2.0456820000000002;-0.048096265;0.00020770085000000003;-1.610265e-05;0.15726394999999999;0.078831525;1.7997999999999998;-0.09670108999999999;669.9413;98.583365;187.5;0.0;203.125;-5.729165;218.75;0.0;328.125;-32.291664999999995;18.133625;1.2612655;10058.9745;-1016.1357;0.03166667;-0.002000001;0.0;0.0;0.7895327;0.0
'IITM_CLU_01909_77_b.wav';0.0;185.98775555555557;-0.09468870622222222;0.3072752222222222;-0.002438143333333334;0.003622653777777777;-3.0707964444444442e-06;0.009076142324444446;-0.0001459359011111111;26.866210000000002;0.11285881011111114;0.00012044334777777777;9.742006666666668e-05;0.012736834777777775;0.004100029377777777;-16.796756666666667;-20.261453333333336;-20.36631222222222;-19.17193;-17.011134444444444;-13.825083333333332;-9.606298555555556;34.66930111111111;32.62974555555556;32.80464222222222;28.463927777777776;19.865746666666666;11.613858666666665;1.2408930444444446;-7.293156666666667;-11.97672788888889;0.5770358755555557;-0.02361685111111113;0.4752453555555556;0.6775844555555556;0.015388911111111174;0.03179816111111111;0.38044004444444446;-0.4276172911111111;-1.1642809253333333;-0.1097876888888889;-0.8448891444444445;-1.5790219444444444;-1.1541273888888888;-0.1661546933333334;0.12174677777777777;1.3511159744444445;0.2027938;0.0012807749533333334;1.5380551111111112;0.04144131247777778;0.00012906714;6.735735162222222e-05;0.16595099888888887;0.01775140277777778;0.5070674555555557;-0.07793594777777776;12743.337333333333;-994.7804233333334;178.24074444444443;-1.7361111111111112;187.5;0.0;192.12964444444444;1.5046285555555556;218.75;4.629630111111111;74.45104333333333;-3.9651475111111107;1906.2306888888893;1185.1997981666666;0.023055555555555555;2.7777766666666647e-05;0.10081217333333332;-0.001088536192222222;0.781964788888889;-0.0002658685922222222
'IITM_CLU_01909_78_aI.wav';0.0;172.23307499999999;-0.12636538166666664;1.8596018333333335;-0.022409592416666662;0.002903760483333333;1.7416774333333334e-05;0.008805171416666669;-4.411316499999999e-06;18.367371666666667;-0.0222580595;0.3268217416666666;0.001554491666666669;1.2727273083333335;-0.11591731425;4.187960033333334;-16.88895916666667;-5.972913084166666;-13.506396583333332;-6.871475249999999;0.5908949166666666;-2.9728151083333336;35.6495325;-7.1961225833333335;44.924640000000004;-26.533960833333328;-23.108588333333334;2.35669725;21.9527125;-9.37863525;-4.366224641666666;0.9317998231666667;0.41927730833333327;0.9281401666666668;0.3579761000000001;0.4467204819999999;0.8077251;-0.697542205;-0.5275568083333332;0.7451470825;0.7079647833333333;-0.30315272499999985;0.11779325833333332;1.3308951000000002;-0.6204110066666667;-0.5518416583333333;0.07293364333333337;0.3867232666666667;-0.002118946941666667;3.3682851666666664;0.0099660735;0.0020581541416666662;6.798057833333335e-05;0.3895576666666667;0.019228042916666663;2.0129114166666664;-0.09449511191666665;16.74242083333333;0.3301568500000001;164.0625;-2.6041666666666665;190.10416666666666;-1.56249975;416.6666666666667;-7.465278583333337;668.402775;-1.3020834166666635;3.479758583333334;0.02758823416666666;364287.84166666673;10742.131666666666;0.08402777333333333;-0.0010208336666666666;0.04905535166666666;-0.0002167493333333333;0.8011735666666668;-5.2715119166666666e-05
'IITM_CLU_01909_79_g.wav';0.0;0.0;0.0;0.29764645;-0.030452214999999998;0.0;0.0;0.0;0.0;-100.0;0.0;7.6691985e-05;1.4295079000000002e-05;0.025254525;-0.0067844935;-1.863286;-4.6999085;-3.2248710000000003;-7.3689765000000005;-8.3874625;-7.0876725;-6.063535;37.61429;36.418045;35.01815;22.47757;10.2318405;0.15045691000000003;-5.5718175;-9.083142500000001;-5.5106265;2.178218;-2.5901095;-0.5026241;0.7588058999999999;1.6873529999999999;1.3730285000000002;0.30062544999999996;-2.9427845;-3.355849;-1.6014635;-1.4435445;0.45276394999999997;-1.7185446;0.7185485;-0.31559545;-1.027727;0.17835635;0.010849961500000001;1.8558059999999998;0.2051656;0.0001645303;0.0014326234;0.2522194;0.06154071;0.28968905;-0.08663918500000001;5012.989;-831.5606;156.25;0.0;156.25;3.6458335;187.5;3.6458335;192.70835;21.35417;44.92317;-4.455496;2628.763;31548.32;0.02;0.0035000005;0.0;0.0;0.6962678000000001;0.0
'IITM_CLU_01909_80_aU.wav';0.0;161.41434545454547;0.055542245545454554;0.8602393163636364;0.1682289689090909;0.08354258818181819;-0.00026394616027272726;0.11368933472727273;-0.0003708940636363637;-2.797660481818182;1.8104587990909093;0.22400302967699998;0.04788443261063636;0.19149623011698183;0.06541372045090908;8.635639272727275;-13.994594545454545;-8.783152581818182;-12.259032545454545;-10.047279999999999;12.913349363636364;-1.8243838181818182;30.421996363636364;11.714362181818181;-2.487324809090909;-37.19818319090909;29.758819090909093;26.870474545454545;-5.946179627272727;-10.235263000000002;-4.170225938181817;-0.5884498181818181;-4.3973580000000005;-1.4907866818181816;-1.7907726609090908;0.16060878181818172;-0.1784414181818182;-0.7378692545454547;2.9208033272727274;-1.5628230850909093;0.131313850909091;-3.789799527272727;1.6557254618181816;-1.77757909;-2.5510746181818185;-0.6779944545454546;0.617074;0.4641147727272727;0.030461875090909096;3.618384818181818;0.14605120545454545;0.01162648397272727;-0.0012303398736363636;0.2836541957272727;0.03911834772727273;0.7373891543125456;0.2243868336859091;42.53913545454546;-11.407875409090908;161.93182727272728;13.636364090909092;373.1060609090909;25.94697;644.8863572727273;51.799237272727275;894.8863672727274;69.31817609090909;4.309304727272727;-0.7629837827272727;406219.8181818181;-26849.050345454543;0.09166666090909091;-0.005363635654545455;0.3381374181818182;-0.0006090896272727277;0.7900887818181818;0.004724942880727273
'IITM_CLU_01909_82_k.wav';0.0;0.0;0.0;0.06622064;0.01697539075;0.0;0.0;0.0;0.0;-100.0;0.0;5.8772027100000005e-05;0.00038829801350000003;0.0002148506625;-6.399413250000001e-05;-1.13087955;-5.34542325;3.26483875;-2.9421637499999997;-0.3691637499999999;4.704012500000001;-2.1836085;23.0856;28.56913;31.79576;11.0350885;-0.06344224999999992;3.625729175;-2.516615775;-16.161719;-2.189661;2.231053;1.3729435;3.2485130000000004;0.17110825000000002;1.47643375;0.327266925;-0.493752625;-5.291577;-3.05169795;1.830168075;-4.1382514;-1.3268342425;1.1598722000000001;-1.164564125;-2.7519215000000004;4.12658975;0.313646475;0.20072476225;3.1675447500000002;0.47531710000000005;0.012906643;0.014614056525;0.022132560000000003;0.0028924575;0.0006035415825;-0.000175257225;591.47705;-177.2358;328.125;317.1875325;388.0209;370.05212474999996;463.54165;415.36460850000003;606.7707499999999;566.6667749999999;18.842109999999998;-4.3326062499999995;202000.345;215848.96625;0.05083333499999999;0.037520834249999996;0.0;0.0;0.5649088;-0.008350736
'IITM_CLU_01909_83_i.wav';0.0;184.43758333333335;-0.7459475499999999;0.7071110833333334;-0.058977921666666676;0.06274928333333332;0.0;0.03994259;0.0;10.258320833333334;0.19114881166666667;0.014866796666666668;-0.0025996085;0.7553492333333334;-0.08996401;2.5374603666666666;-22.02303333333333;8.899102883333333;-1.02848575;-8.735775666666667;-1.8308287333333333;-12.930991166666667;30.969136666666667;31.419361666666664;63.60019833333333;-10.753536499999997;-12.388178666666667;2.307886;-23.331737;-40.400996666666664;-5.961762833333334;-0.9693529333333334;2.047557083333333;-1.3517311833333334;0.48583238333333334;0.7584244833333335;0.03096083333333327;0.8585579833333336;1.19661175;-0.07391426666666671;-3.6366826666666667;5.899332883333333;3.4695856000000003;0.7443380999999999;2.953152225;4.008010566666666;-1.27539285;0.2466029166666667;-0.011405027833333336;2.2572548333333335;-0.055122661833333336;0.00026900966666666665;2.8392151666666665e-05;0.6388988333333333;0.056307255333333334;1.1269457999999999;-0.09948716;1037.1376;472.64444041666667;177.08333333333334;-5.208333333333333;203.125;-5.555555833333333;255.20833333333334;-14.06250050862633;333.3333166666667;-24.305554666666666;19.22347833333333;4.0314443833333335;36320.16733333333;-7976.514666666666;0.05027778499999999;-0.012583333333333334;0.3042513066666667;-0.003383503000000001;0.7341693666666668;-0.00188689465
'IITM_CLU_01909_85_A.wav';0.0;86.72142666666666;-0.010040805;1.7819859999999998;0.03521183666666667;0.0;0.0;0.0;0.0;4.011484666666667;-0.0007636744333333334;0.3322705666666666;0.08929068;0.45064696666666676;-0.062183456666666664;-13.544186666666667;-28.905269999999998;-0.43196719999999994;-4.572373666666667;-8.769298;-3.9737026666666666;-3.3587563333333335;41.01417333333334;-17.59585;11.624820999999999;-18.517463333333335;18.602923333333333;2.269994;-6.3260813333333346;2.8178366666666665;0.5434839133333335;0.5609562666666666;-1.5476456666666667;1.0032509666666665;1.6732352333333331;0.3292131333333334;-0.16626636666666667;-0.1425571833333333;0.4470560666666667;-1.0986582333333335;-1.4454946666666668;0.5740667333333334;4.225685333333334;3.1909733333333334;-2.280548666666667;-0.3428866;2.4214956666666665;0.4589125666666667;0.02156637;3.8575563333333336;0.021954320666666666;0.0023027013333333335;-0.00021295633333333333;0.2702031;0.025596643000000002;1.1617063333333333;0.05051477666666667;14.999096666666667;-3.0639160000000003;187.5;0.0;208.3333;11.458336666666668;743.0555333333333;40.972213333333336;989.5832;92.70833666666665;2.522534333333333;-0.3662815;192411.86666666667;18474.346666666668;0.07833333666666666;-0.007388888666666667;0.38391590000000003;0.0;0.7323801333333333;0.0001906743666666667
'IITM_CLU_01909_86_b.wav';0.0;169.792;0.250052922;0.5605282199999999;-0.11360169;0.0019124896000000003;0.0;0.007526858;-2.0209726000000002e-05;17.41187;0.26075386;0.00875698426;-0.00497954802;0.10265161360000001;-0.052342919;-0.8300608000000004;-18.20941;-11.896308;-12.1599942;-12.793586;-4.4997832;-4.692091840000001;39.359076;25.832361600000002;28.443668000000002;12.104338714000002;18.679409999999997;11.775034000000002;-5.491324799999999;-3.9407662;3.2970147000000005;-5.4475755999999995;2.0952126;-1.5548075200000002;-0.91450584;0.22549513999999998;-2.2394427400000003;-1.5624057999999998;-1.8401124;3.7982883999999997;2.5990676;8.19371272;0.06290364799999999;-0.49793008;3.7188685400000003;0.28148699400000005;-5.32477396;0.20079251999999997;-0.0094951772;1.8460642;-0.154553444;0.00021956449600000002;-5.0647310000000006e-05;0.32366326;0.02965215576;0.77858792;-0.062264285399999994;7668.283;1745.0322;156.25;0.0;156.25;1.4583334000000001;187.5;0.0;256.25;-41.249998000000005;50.478468;9.712704399999998;13527.044400000002;-6647.7088;0.025666666000000005;-0.0025166664799999997;0.022183034;0.0001919619;0.7653141;0.00010111485999999997
'IITM_CLU_01909_87_enas.wav';0.0;170.86401666666666;-0.33141520166666666;0.8424681333333334;-0.09271443666666668;0.0;0.0;0.01426605;0.0;18.04669;0.22773177166666667;0.017735122500000002;-0.003571366416666667;0.67253015;-0.19137934999999998;9.332783333333333;-16.200580000000002;-0.488317233333333;-5.048368333333333;-13.569496666666666;-6.723094000000001;-6.512602666666666;34.91856;28.05892333333333;59.88657833333334;-16.475175833333335;-19.257486166666666;11.969465833333336;-14.461335999999998;-23.116128333333336;7.4521136666666665;-2.4817056333333336;0.10038993333333339;1.8334773333333334;-0.5269409083333333;-0.6748691166666667;0.806147165;-0.7293386650000001;-0.7913124000000001;1.1458502666666666;-0.663538985;3.3933315;4.227391666666667;2.412392833333333;-2.416209916666667;1.8113312333333333;2.1733156833333336;0.22069131666666666;-0.009384369833333333;2.1692131666666667;-0.06493956999999999;0.00029712293333333334;4.2927926499999995e-05;0.32894693333333336;0.059752491666666664;1.3465437666666666;-0.21633332666666663;370.20436666666666;91.1388495;161.45833333333334;-3.819443833333333;177.08333333333334;-3.6458331666666663;203.125;-6.42361;276.0416666666667;-22.048611166666664;15.855578333333334;1.9332591666666668;31240.725000000006;-2188.744666666666;0.023333331666666665;-0.0003611111666666665;0.11300710333333332;-0.0037089336833333337;0.7582383333333333;-0.0013819076666666665
