name;frameTime;F0final_sma;F0final_sma_de;audspec_lengthL1norm_sma;audspec_lengthL1norm_sma_de;jitterDDP_sma;jitterDDP_sma_de;jitterLocal_sma;jitterLocal_sma_de;logHNR_sma;logHNR_sma_de;pcm_fftMag_fband1000-4000_sma;pcm_fftMag_fband1000-4000_sma_de;pcm_fftMag_fband250-650_sma;pcm_fftMag_fband250-650_sma_de;pcm_fftMag_mfcc_sma[10];pcm_fftMag_mfcc_sma[11];pcm_fftMag_mfcc_sma[12];pcm_fftMag_mfcc_sma[13];pcm_fftMag_mfcc_sma[14];pcm_fftMag_mfcc_sma[15];pcm_fftMag_mfcc_sma[16];pcm_fftMag_mfcc_sma[1];pcm_fftMag_mfcc_sma[2];pcm_fftMag_mfcc_sma[3];pcm_fftMag_mfcc_sma[4];pcm_fftMag_mfcc_sma[5];pcm_fftMag_mfcc_sma[6];pcm_fftMag_mfcc_sma[7];pcm_fftMag_mfcc_sma[8];pcm_fftMag_mfcc_sma[9];pcm_fftMag_mfcc_sma_de[10];pcm_fftMag_mfcc_sma_de[11];pcm_fftMag_mfcc_sma_de[12];pcm_fftMag_mfcc_sma_de[13];pcm_fftMag_mfcc_sma_de[14];pcm_fftMag_mfcc_sma_de[15];pcm_fftMag_mfcc_sma_de[16];pcm_fftMag_mfcc_sma_de[1];pcm_fftMag_mfcc_sma_de[2];pcm_fftMag_mfcc_sma_de[3];pcm_fftMag_mfcc_sma_de[4];pcm_fftMag_mfcc_sma_de[5];pcm_fftMag_mfcc_sma_de[6];pcm_fftMag_mfcc_sma_de[7];pcm_fftMag_mfcc_sma_de[8];pcm_fftMag_mfcc_sma_de[9];pcm_fftMag_psySharpness_sma;pcm_fftMag_psySharpness_sma_de;pcm_fftMag_spectralEntropy_sma;pcm_fftMag_spectralEntropy_sma_de;pcm_fftMag_spectralFlatness_sma;pcm_fftMag_spectralFlatness_sma_de;pcm_fftMag_spectralFlux_sma;pcm_fftMag_spectralFlux_sma_de;pcm_fftMag_spectralHarmonicity_sma;pcm_fftMag_spectralHarmonicity_sma_de;pcm_fftMag_spectralKurtosis_sma;pcm_fftMag_spectralKurtosis_sma_de;pcm_fftMag_spectralRollOff25.0_sma;pcm_fftMag_spectralRollOff25.0_sma_de;pcm_fftMag_spectralRollOff50.0_sma;pcm_fftMag_spectralRollOff50.0_sma_de;pcm_fftMag_spectralRollOff75.0_sma;pcm_fftMag_spectralRollOff75.0_sma_de;pcm_fftMag_spectralRollOff90.0_sma;pcm_fftMag_spectralRollOff90.0_sma_de;pcm_fftMag_spectralSkewness_sma;pcm_fftMag_spectralSkewness_sma_de;pcm_fftMag_spectralVariance_sma;pcm_fftMag_spectralVariance_sma_de;pcm_zcr_sma;pcm_zcr_sma_de;shimmerLocal_sma;shimmerLocal_sma_de;voicingFinalUnclipped_sma;voicingFinalUnclipped_sma_de
'IITM_HMM_02089_0_A.wav';0.0;217.34825454545455;0.33335765999999994;1.0876780363636362;0.00424012936363636;0.008811518636363636;4.9147470727272735e-05;0.009756109181818183;8.111209545454548e-05;15.990485272727273;0.13989141427272728;0.16300613272727274;-0.00908973418181818;1.8826429054545455;0.5911202467272727;-28.579347272727276;-31.507164545454543;-8.248509309090908;-13.764598818181817;-16.691321545454546;-13.550081818181816;-12.641894272727274;44.08385090909092;-8.459756136363637;-5.525641545454544;-9.119120181818184;29.279566363636366;-1.3573590000000002;-31.68284909090909;-3.789815618181818;-8.148461727272728;-1.4501795663636363;-1.1726118145454547;-2.4464796181818182;-1.080252118181818;-1.0055512690909092;0.14819597272727272;0.6562504900000001;0.06806713090909086;3.1446512272727274;1.473700281818182;2.1344846181818182;-3.0695319999999997;-1.6476675181818181;-0.23072785090909098;-1.3418305272727273;-1.238423409090909;0.4477542090909092;-0.03693773218181818;3.026087636363636;-0.22095350363636362;0.0007385075136363636;-0.0001360531827272727;0.59766656;0.13936519181818177;2.9837645454545454;0.6883607763636364;425.07437263636365;245.8492102181818;207.38636363636363;1.136363909090909;296.40152727272726;-38.352273181818184;704.5454272727274;-85.03788636363636;880.6818454545454;-110.89014600000002;6.939946309090908;2.9440377645454547;138328.09763636367;-24069.99;0.05712121090909092;-0.00599999948909091;0.15809429;-0.007044458661818181;0.8146109363636364;-0.00036316602
'IITM_HMM_02089_1_kh.wav';0.0;0.0;0.0;0.07309391999999999;0.015888663333333334;0.0;0.0;0.0;0.0;-100.0;0.0;3.256849666666667e-05;1.5338736666666667e-05;1.1256814000000002e-05;4.780186e-06;4.955119666666667;-13.497081666666666;11.220917666666667;-1.2666576133333332;6.181265333333333;-5.982608;2.903802333333333;6.202963633333334;0.06307866666666673;6.62356;2.4995254666666664;8.148981;-11.963886666666667;1.7401686666666667;9.03646;9.010484333333332;3.872538;3.1268569999999998;3.3253153333333336;-1.3259032;2.070854;-0.5041942933333333;0.1059672;-3.573726333333333;-1.2392990066666667;1.4872351666666666;-1.223916;-3.370827333333333;-0.10102117000000001;3.848181333333334;0.7649331;3.0619933333333336;0.9866858000000001;0.17204733333333333;5.576346666666667;0.2851360333333333;0.16269333333333333;0.03063305666666666;0.004806424;0.0017486053333333335;2.016872866666667e-05;9.161381999999999e-06;11.159903;-4.482315666666666;197.91666666666666;-33.333333333333336;1104.1666666666667;217.70833333333334;1972.2222333333332;628.8194;3708.3333333333335;661.1111;2.141972733333333;-0.6851048;2522097.6666666665;701326.9333333332;0.22916666666666666;0.026694443333333335;0.0;0.0;0.0;0.0
'IITM_HMM_02089_2_i.wav';0.0;225.84666;-0.084960852;0.47530307999999993;0.121968484;0.040604584;-0.00014988333999999998;0.0315172622;-0.00083982306;5.893729;-0.181085492;0.00045604114000000006;0.000151040468;1.6921227045999998;1.0661262;1.1562429799999996;-13.219232;-7.2488753599999995;-10.728772000000001;-23.181683999999997;-18.638038;-13.517630800000001;32.149462;23.853498;27.286136;-3.8849878;-22.590334000000002;-12.276928999999999;-21.3897352;-28.02209;-7.4510042;-5.0292762;-0.85708126;-2.5114058;-2.989377;-1.37287764;-2.11874838;-1.8434632199999998;2.7420064;3.1101427999999998;-0.82797126;3.9873548;2.04743122;-4.325492173999999;-3.90447262;-2.07158752;-4.0588218000000005;0.30855548;-0.025516363999999996;2.5858200000000005;-0.35781876;0.00341791168;-0.0016867230800000001;0.731514296;0.25833143999999997;2.1939627074;1.5817558840000001;1059.933324;723.01414;218.75;0.0;225.0;-3.7499994;331.25;-38.750001999999995;387.50002;-48.333332;16.1084128;5.1810332;113292.79440000001;-62102.65699999999;0.048166666;-0.0104333348;0.36589506;0.0065113262000000005;0.7925861999999999;0.0004299670740000001
'IITM_HMM_02089_4_k.wav';0.0;0.0;0.0;0.00805849775;0.0029431281800000003;0.0;0.0;0.0;0.0;-100.0;0.0;6.65977835e-08;7.2663018925e-07;1.8471349750000003e-07;5.821347574999999e-07;-2.601035675;-2.2827094999999997;-2.4178045;-2.74697408;-1.5080585000000002;0.9480058525000001;0.9789989980000002;13.768550000000001;14.007583;10.5010745;8.4548355;-0.4286561950000001;-5.351393;-6.5227635;-5.22607225;-8.5113425;1.8875000499999999;-0.6576699500000001;3.2390914974999996;0.5664547775;1.1999583249999999;0.11830940000000004;1.5638495749999999;-1.2310759;-3.844354;-3.1269675;-0.7600607810000001;-0.07560702499999994;-1.4091929749999998;2.72472675;4.53750225;1.54969415;0.29395575;0.078967214;6.290602499999999;0.828897795;0.0371707775;0.01139862475;0.00045177659999999997;0.00027162651749999996;9.908035499999999e-08;4.932804125e-07;73.2560575;-24.7788825;65.1041575;-9.375;179.6875;80.989575;372.395825;180.989599;510.416675;236.97916;7.256144249999998;-1.521473;702003.525;227214.84999999998;0.17250000999999998;0.036437500000000005;0.0;0.0;0.0;0.0
'IITM_HMM_02089_5_A.wav';0.0;197.81548333333333;-0.3424188341666667;0.3313372833333333;-0.0037454859166666694;0.02144325141666667;-0.00040335325250000003;0.021358361583333332;-0.00023148788500000002;13.573536666666667;0.08489733816666667;0.0014580396916666668;-1.984675716666666e-05;0.05294960503333334;-0.0012398546583333337;-30.40486833333333;-30.265133333333335;-8.491339833333333;-13.16341785833333;-19.36441166666667;-9.114395666666665;-6.8841329249999985;45.940165;-4.38740125;2.7308152499999996;-2.0618845916666664;16.11933666666667;-2.0762897799999993;-16.294154999999996;4.158556166666666;-7.1641356416666655;0.22914349166666673;0.5765012416666667;0.7759364916666667;1.1376067166666668;0.8525892125;0.616895425;0.7430186916666667;0.6808398274999998;-0.6944039249999999;0.09657044166666667;0.4938087416666668;0.7788256341666667;2.113161119166667;1.6322860416666665;0.38386958333333326;0.4193848583333335;0.285037225;-0.0008818493333333337;2.31685525;0.011031237499999997;0.0005941764083333334;-5.042779083333331e-05;0.15234640666666668;-0.004977800166666667;0.11869003241666666;-0.002174179491666669;109.57879666666668;-6.979152833333333;195.3125;-5.03472225;207.46527500000002;-3.90625;239.58333333333334;-3.7326388333333327;466.1458333333333;21.527772583333334;6.712081916666668;-0.3213481583333333;55078.76833333333;2611.3745833333337;0.031041666666666665;-0.0005347224541666667;0.25161034499999996;-7.705295000000002e-05;0.7897282666666666;-0.00013612127250000003
'IITM_HMM_02089_6_9r.wav';0.0;145.4992;0.11003571333333333;0.06428201;-0.012276889;0.0;0.0;0.0;0.0;20.97444333333333;-0.26143646666666664;3.4666819999999997e-06;-1.268655e-06;0.00024065878333333335;-0.00010272952333333335;-7.434295333333332;-10.364561666666667;-2.2297103333333332;-12.472209999999999;-10.517191666666667;6.186462;0.9600957666666666;42.78169333333333;14.609340000000001;30.678793333333335;11.968156333333333;-11.371749666666666;-2.075108;17.69689666666667;25.638886666666668;8.175241333333334;0.29037686;1.748405;-0.38121583333333336;0.7429808666666666;-0.4393433666666666;-1.9632773333333333;-0.027959933333333326;-3.160156333333333;1.6374889999999998;2.344362;1.5409701;-1.1475752000000001;0.47069050000000007;-1.2579991333333334;-1.8949264666666668;-0.9889114000000001;0.17282160000000002;-0.001484358333333333;2.0332273333333335;-0.07396203666666668;0.00029940599999999995;9.984287e-05;0.01637139433333333;0.0014956653333333333;0.0007615301666666668;-0.0002784021;423.3567666666666;124.97906666666665;128.47223333333332;5.208333333333333;138.8889;-0.34722099999999995;159.72223333333332;5.208333333333333;211.80553333333333;-18.75;13.895664000000002;2.913915;11791.283333333333;285.6224666666667;0.0175;0.0007222218666666667;0.0;0.0;0.7179731;-0.0005166827999999999
'IITM_HMM_02089_7_J.wav';0.0;196.51335714285713;1.3484378071428569;0.06611174285714286;0.024053403142857144;0.013939742000000003;-0.00033737131428571425;0.024529988571428567;-0.000488254188;6.428199428571429;0.13498230514285714;1.0367978422857143e-05;1.1633962114285714e-05;0.001258513306;0.0022369795142;-4.613445614285714;-7.106195857142858;-16.002314285714284;-14.923992857142858;-9.095026142857142;-10.299146714285714;-8.931956285714286;14.63355732857143;39.14310142857143;29.682879999999994;10.511395714285712;1.3205385142857153;-5.417608757142858;0.9570278571428572;-5.006758142857143;-11.598443571428573;0.7331020285714285;0.022308867142857163;-0.2049400571428573;-0.3503732428571428;0.44026248571428567;0.7659270857142857;-0.818051977142857;-0.8977949999999996;-2.8483002285714285;-0.7055219;-5.1330086999999995;-5.776189142857143;-4.206266428571428;-0.7947251285714287;-0.8501704085714284;-1.2890117857142858;0.49616150000000003;0.036382634285714296;2.602561857142857;0.15973885714285715;0.019271800914285712;0.0014009542714285722;0.02019061;0.009068024285714285;0.001224160542857143;0.002363928868714286;2597.1833342857144;-1064.0032159999998;174.10714285714286;7.886906714285715;199.40477142857142;13.541667428571428;947.9166142857142;75.59526714285714;1678.5714714285714;88.98808571428569;26.881185714285717;-8.311226500000002;1615634.6008571428;96242.98571428577;0.12630953142857143;-0.007107142857142856;0.3860872571428572;-0.02140205642857143;0.7580964714285715;0.0012352864285714287
'IITM_HMM_02089_10_c.wav';0.0;0.0;0.0;0.07913795857142858;0.0018216438428571425;0.0;0.0;0.0;0.0;-100.0;0.0;8.996207714285714e-05;7.206184920000001e-06;2.8174381142857145e-07;-5.463177e-08;-0.11769497142857122;10.790598714285716;-5.777027428571428;-5.638809142857143;9.173649;-2.027675857142857;-0.9326165;-35.60007;12.904715714285715;28.70483428571429;-0.39667342857142857;-8.821638428571429;10.770249428571429;-1.0854168714285712;9.687520428571428;-10.379382857142856;1.1656877;1.2775596428571425;-0.8361003571428572;-0.03413435714285708;0.17840460428571434;-0.25583602857142856;-0.23360487999999993;-0.9155572;-0.9495988428571429;-1.754945957142857;-2.706680142857143;-2.1196892857142857;0.855913155714286;1.0747332142857142;1.2258022685714287;1.038333442857143;3.120213142857143;0.015784031285714283;6.369066428571428;-0.040433532142857144;0.13592415714285716;-0.006706731838142855;0.007812951571428571;0.0008905666214285713;5.641309142857143e-05;4.017078857142858e-06;1.8993468571428571;-0.04023986142857142;3604.1665714285714;1.6369214285714244;4316.9644285714285;4.761890000000002;6577.380857142857;2.1428571423192417e-05;7206.8451428571425;-12.351171428571433;0.18219442857142856;0.05699445814285714;2717471.714285714;-97183.67214285713;0.5636904714285714;0.006035715714285717;0.0;0.0;0.0;0.0
'IITM_HMM_02089_11_A.wav';0.0;189.1376857142857;-0.44194284714285714;0.24943672857142854;0.007915285;0.002644163;0.0;0.011797070000000002;0.0;12.699020857142855;0.2972411871428572;0.0006653700571428572;7.630741142857143e-05;0.0013615391428571427;-2.8398492857142855e-05;-25.749937142857146;-27.027449999999995;-1.5706718714285712;-7.098906999999999;-12.885948571428571;-12.167710571428573;-1.1190391571428566;42.61195428571428;-18.130565714285712;8.294535285714286;-11.643816000000001;6.187938;-3.531025828571429;0.5272045714285716;9.153406285714286;-8.765616142857144;-0.14632499999999998;0.24197808285714287;0.22421930000000004;1.2789777571428573;-0.03281337857142856;0.9993165571428572;0.6516699142857144;0.18076225285714287;-0.15692766714285714;0.13454688571428572;1.4350591;2.4624614671428575;0.5563007142857141;-1.495279471428571;0.3179089185714286;0.8654220714285714;0.4414177428571428;-0.007320697000000001;3.5097550000000006;-0.04834913571428571;0.0014091627142857144;-4.973838285714285e-05;0.027970187142857143;0.00029802514285714315;0.003809474428571428;0.00047691718142857137;12.367500428571429;-0.34983679999999995;191.96428571428572;-2.6785710000000003;214.28571428571428;-3.422619;724.7023857142857;-21.874999857142857;873.5119000000001;1.9345250147879989;2.304515;0.004298953814285712;158601.30000000002;4483.054285714286;0.05333333428571429;-0.002249999742857143;0.22957299285714286;-0.0007038896428571427;0.8223582714285714;0.00047464759142857145
'IITM_HMM_02089_12_l.wav';0.0;61.09612666666666;-0.02061248;0.13484806666666668;-0.007381507999999999;0.0;0.0;0.0;0.0;18.645460000000003;0.0006165086333333334;2.6840863333333338e-05;-7.307646e-06;0.0036385763333333337;-0.00021286522;-17.958003333333334;-5.301100000000001;17.30396;-13.688520000000002;-14.94241;8.887021333333333;-8.095079333333333;41.644360000000006;19.628313333333335;33.94537666666667;12.724976666666668;0.18745693333333327;-29.245739999999998;-27.43665;1.8297200000000007;-9.130733333333334;-0.2351285333333333;1.1936257666666668;-0.3197091666666667;1.3781314;1.7004249333333332;-0.8656175999999999;-0.30700749999999993;-0.3842592999999999;2.7227099999999997;1.6927489999999998;1.452945;0.8083411333333332;1.4834677;-0.8242547333333333;-3.2154163333333337;-1.8591433333333336;0.2395719666666667;-0.0036550546666666663;2.2354113333333334;-0.05323170666666666;0.00021697263333333335;-3.4130960000000006e-05;0.008734310333333333;0.0015536730000000002;0.006338938333333333;2.877962666666666e-05;381.81213333333335;103.76868333333334;173.6111;0.34722099999999995;187.5;0.0;218.75;-2.430555666666667;371.52776666666665;-5.208333;11.639406666666668;0.6387088333333333;11140.085666666666;-1712.9196666666667;0.02305555333333333;0.00016666646666666667;0.009278811999999999;0.0;0.7074801000000001;-0.0002557149666666667
'IITM_HMM_02089_13_nB.wav';0.0;206.7316;0.0;0.13829585;0.012895199999999999;0.0;0.0;0.0;0.0;24.06814;0.0;4.5511375e-06;1.13973815e-06;0.0075628415000000004;0.0029730315;-11.468055;-6.7090715;-6.3925505000000005;-7.0344795;-6.2486475;-6.4404485000000005;-10.9975;41.779055;34.11385;26.329414999999997;9.69236;-10.336535000000001;-21.256194999999998;-20.27547;-20.33937;-20.591355;0.7258879;0.08832227499999999;-0.98664485;-0.9626346;-1.08473015;-1.7810795000000001;-0.7916219;0.048427395;0.0365242;-0.8619806;-1.06266035;-0.8910449;-0.1736643;-0.6827296;-0.7297062999999999;0.5580595;0.24756330000000001;0.0026698355;2.067074;0.004125357;0.00012851135;6.330349e-06;0.03534943;0.010254174000000001;0.02000685;0.004041857;682.7755999999999;-19.818579999999997;187.5;0.0;203.125;5.729165;218.75;0.0;390.625;0.5208355;10.97031;-0.19878285;6015.0355;102.199395;0.025;8.333325000000001e-05;0.09416581;0.0;0.8089988;0.0
'IITM_HMM_02089_14_i.wav';0.0;221.60253333333335;-0.43844011666666666;0.08503265166666667;-0.003335625;0.008698145;-7.333443499999999e-08;0.010254816666666668;-0.0002193484833333333;19.699728333333333;0.13836084566666668;1.6056898333333333e-05;-2.2140795000000008e-07;0.0012138097666666667;-0.000175462;-4.7430623333333335;-21.590666666666664;-6.6415491;-20.895378333333337;-32.350515;-15.877759999999997;-20.025959999999998;27.126791666666666;22.016849999999994;48.06345666666667;-33.08425333333333;-23.3329;-6.402559383333333;-44.985785;-26.08600833333333;-3.022287416666666;-0.25224183333333333;0.6381392666666666;2.0129238333333332;1.04248315;2.18649542;1.4231113166666667;0.8978277499999999;0.26404136666666667;1.499127215;0.5512074499999998;1.3056387833333332;1.00264405;1.5817192333333336;0.08174290000000006;0.6230149666666667;0.9102144;0.2918066833333333;-0.0024608133999999998;2.190777666666667;0.033360496999999996;0.0005240507833333333;-1.2133666666667094e-08;0.007081688833333333;0.0016560672166666664;0.0011524570166666667;-0.00017529595;162.60368333333335;17.2270635;217.01388333333333;-2.6041666666666665;218.75;-1.2152778333333334;250.0;-1.2152778333333334;435.76388333333335;-4.1666661666666664;11.123795833333332;-0.06320038333333344;64364.57333333333;1777.1519999999994;0.028472219999999996;0.00023611105957848334;0.11103671333333331;-0.006729772766666667;0.7860510166666667;-0.0017153705833333332
'IITM_HMM_02089_15_k.wav';0.0;0.0;0.0;0.010836984333333334;0.004708500666666667;0.0;0.0;0.0;0.0;-100.0;0.0;3.8674405866666664e-07;5.631095e-07;3.6597143333333335e-07;5.329703333333334e-07;3.674599666666667;-7.986619999999999;8.652453999999999;-5.3247463999999995;-5.542799666666667;-5.168480333333333;-3.2527933333333334;12.747;11.977082000000001;1.5608553333333333;1.8786100000000001;4.703513;3.827707;-1.119647333333333;-14.963786666666666;-6.237859333333334;8.461957;-0.6406395666666667;4.773506666666667;2.669434666666666;2.2728026666666667;0.17288364;-0.6263293666666667;1.7784788666666664;-1.817274;-9.104607333333332;-5.338697;5.910109666666667;0.2569636666666667;4.549543333333333;5.014492999999999;1.1841791;0.4768219;0.07084622;6.98863;-0.32446125333333337;0.06300449333333333;-0.003286318333333333;0.0006203813666666667;0.0004369309;3.2198597333333334e-07;5.385614333333334e-07;39.01141333333334;-9.585758666666667;90.27776666666666;54.51388333333333;281.25;87.84721333333334;475.69443333333334;157.29166666666666;1371.5276666666666;59.02778666666666;5.024072666666666;-0.6919476333333333;1381332.3333333333;-24037.68766666667;0.2194444666666667;-0.029416669999999995;0.0;0.0;0.0;0.0
'IITM_HMM_02089_16_o.wav';0.0;114.1911;-0.3726712822222222;0.08557882555555557;-0.008294347666666667;0.025642295555555555;-5.400542222222222e-05;0.04261406666666667;5.726055555555555e-05;-4.594981;0.3796980704;5.513722088888888e-06;-1.6688900555555554e-06;0.0019701614222222223;-0.0002629381144444445;-3.717798022222222;11.490316555555555;11.886030555555553;6.251869166666667;-6.466590222222222;-7.018874111111111;-8.790118555555557;53.34398777777778;35.230873333333335;5.019872666666667;-17.239537777777777;-3.6297691555555556;6.418982777777777;-1.9628577344444444;-8.213204333333334;-13.643917777777776;-0.16082911111111103;-0.11150509999999997;0.17106026666666654;0.7934113011111114;0.9101271977777778;0.18948924555555557;-0.08030771111111105;-1.706007321111111;0.4025896666666666;1.6044663222222222;2.342149688888889;0.09732902222222228;0.547641087;1.3683424422222221;0.5405745180444445;0.5990072822222222;0.27689463333333325;-0.013609260444444445;3.0578748888888887;-0.042568756666666666;0.00021545316444444444;0.00017198366333333337;0.01967682333333333;-0.00017797264444444457;0.0015326152666666666;-0.0001677583111111111;80.89186444444444;32.564937111111114;149.30555555555554;-5.902778777777777;210.64814444444445;-19.328703555555556;344.90741111111106;-16.319445444444444;444.44444444444446;-15.393520444444444;3.0782055555555554;1.08260676;19682.064444444444;1223.8659544444445;0.032129628888888886;-0.002574074;0.25013477600000006;-0.020302725622222226;0.5995038888888888;0.00024235084333333335
'IITM_HMM_02089_17_J.wav';0.0;195.0515;1.34538565125;0.07202678;0.023675796375000002;0.02370151125;-9.69345375e-05;0.06794875750000001;-0.0010808674;3.9928850000000002;-0.108674078625;1.2719118395e-05;1.25600617975e-05;0.0017518050678749998;0.0018650324168249998;-1.3746905625000003;-11.180138;-14.7366225;-13.4030525;-8.764788625;-9.172716249999999;-8.677383875;16.839064875;35.26344875;28.078065;8.823115000000001;0.059304125000000596;-5.903431375;-1.1053802624999998;-6.4731108375;-12.679264625;0.18074194999999993;-0.1828947575;-0.11832222500000006;-1.355797675;0.18096287500000005;0.166026725;-0.87975282625;-0.07202375000000005;-2.3015616625;-0.272319475;-4.871129337499999;-5.474476312499999;-3.71335155;-0.7648181875;-0.8336724500000001;-1.0436455125;0.44341235000000007;0.02585126445;2.58650675;0.09400113750000001;0.017972739387500002;0.0005037373374999999;0.022553400374999998;0.006595183625;0.00140401192375;0.00146212100625;2092.9129575;-558.2688300000001;175.78125;7.552084750000001;210.9375;18.619791125;769.5312;26.692717375;1595.0522124999998;74.99993362500001;26.209547625000006;-5.485296937500001;1403143.64575;42491.00499999996;0.10999999249999999;-0.0017604171250000002;0.3831035375;-0.006453745375000001;0.7653336374999999;0.001168682625
'IITM_HMM_02089_19_b.wav';0.0;185.3674;0.0;0.089711865;-0.011359376000000001;0.0;0.0;0.0;0.0;19.406229999999997;0.0;6.5038755e-06;-2.067789e-06;0.00060727495;-0.0001895225;0.00873400000000002;-16.193815;-17.45017;-15.975585;-16.722550000000002;-3.0736805;-4.699167;46.437974999999994;26.017055;17.855055;5.487297;6.994540499999999;-5.2150615;-22.953619999999997;-8.438516499999999;5.5300715;-2.350547;1.6818430000000002;0.9566122499999999;-0.0346776;1.1462105;-2.5693435;-0.6972552000000001;-1.5910585;3.229766;3.080832;5.5077125;2.5927189999999998;2.767906;4.165751;-1.0235309;-3.957554;0.22008705;-0.0078908435;1.8689155;-0.103898735;0.000105253825;-1.2140984e-05;0.009926467000000001;0.0026668530000000003;0.0046843514999999995;-0.00072219875;2866.326;1679.1295;182.29165;-6.770833;187.5;0.0;203.125;-5.729165;281.25;-22.91667;25.515344999999996;9.048662;5505.579;-1463.67;0.02375;-0.00045833345000000005;0.0;0.0;0.7829253;0.0
'IITM_HMM_02089_20_i.wav';0.0;195.8146;0.5378924799999999;0.123022192;0.0226547908;0.0;0.0;0.010125928;0.0;4.446574;-0.007067276000000011;6.7881666e-05;1.1127921999999997e-05;0.01181693338;0.0037794382600000002;12.364036;-22.187852;17.707408;4.86023376;-0.46327266000000017;4.8087013999999995;-7.377047999999999;26.039936;18.514239999999997;51.993733999999996;-26.971848;-29.731354;-13.0802132;-22.701934;-42.754486;-4.2186568399999995;0.91070736;0.08833433999999998;-0.8222158400000001;0.53120594;0.8662250400000001;-0.74304718;-2.65312026;2.849287;1.24435518;3.0245332;0.20279380000000008;-2.8007074;-2.3615058000000007;-0.71869092;-1.68138444;-2.4529698000000004;0.42926448000000006;-0.016620238000000002;2.7126714;-0.23598427600000002;0.00457443516;-0.0024507250000000004;0.042088182;0.008537993;0.006387619880000001;0.0021396434199999997;114.124334;36.061064;350.0;0.8333350000000003;370.83334;5.4166662;393.75;2.0833323999999998;752.0832800000001;-204.5833206;8.6262798;1.389657936;217816.97400000002;-99453.03400000001;0.06950000199999999;-0.0100999994;0.29671214;-0.003205719;0.8064802;0.0006367007159999999
'IITM_HMM_02089_21_s.wav';0.0;0.0;0.0;0.042792517499999995;-0.0045334964999999994;0.0;0.0;0.0;0.0;-100.0;0.0;1.230950725e-06;-1.5264158749999998e-07;1.3814043725e-05;-7.649539e-06;8.53882975;13.656657;-4.85446325;-4.381449;-4.46488425;-5.8285895000000005;-7.286559825;-4.915457;34.989537500000004;12.41838875;31.540302500000003;-13.12604875;11.084988749999999;0.28979025;-4.5985264;-4.2650055;-3.1316140000000003;-2.5890255;-0.9559765250000001;0.596738075;-0.5226213500000001;1.5635118000000001;3.35832375;-7.146857750000001;-5.8638699999999995;-6.228698999999999;-1.8185432;-1.0941970749999999;0.2544778000000001;-1.520525375;-2.089834175;-1.12909435;2.423124625;0.946855375;3.7991989999999998;0.6589612249999999;0.03466531725;0.012573254749999999;0.010334491999999999;-0.000310108925;0.000108316965;-5.2417059999999994e-05;31.10935;-10.32731925;3096.3540000000003;1295.5729000000001;3619.791575;1511.1977499999998;3713.54175;1540.1039999999998;3789.062425;1555.2085000000002;1.8216030500000002;-2.2515519999999998;2383210.75;24693.024999999994;0.463125;0.13872915000000002;0.0;0.0;0.0;0.0
'IITM_HMM_02089_22_b.wav';0.0;171.85458;0.7221091199999999;0.033437459999999995;0.0080210474;0.0;0.0;0.018365484;0.0;12.2046658;0.355399184;3.23628322e-07;3.5330117039999996e-06;1.2989194e-05;4.01519266e-05;-8.3782426;-12.641140000000002;-10.8446016;-9.359323800000002;-8.659190800000001;-7.1408564;-4.9077668;36.295758;36.643318;29.575036;23.194618000000002;15.407011999999998;6.6303958000000005;-1.7712724000000002;-7.007296200000001;-7.3271226;1.84462824;-0.09522258000000008;-1.4199142599999999;0.343894548;0.6367056200000001;0.53503944;-0.26258512;0.7527632400000001;-3.4378895999999997;-2.42494008;-2.0998042079999997;-0.39504824000000005;-0.23203469999999998;-1.30433768;1.30854344;1.3241620399999998;0.184388;0.009319476339999999;1.648771;0.09122591160000001;0.00015727264;0.0001784152942;0.0079842352;0.0017341446;0.00036443162;7.887498600000001e-05;9120.559599999999;-772.1189;156.25;1.4583334000000001;164.58334;0.8333348000000005;187.5;16.041666;195.83334;18.3333342;67.80793600000001;-7.140923140000001;2952.3365999999996;4487.6881;0.0215;0.0006166666;0.1265616;-0.0009138320000000001;0.75117296;-0.0014488605599999999
'IITM_HMM_02089_23_A.wav';0.0;186.78333750000002;0.23479905125000003;0.29547192499999997;-0.002000506825;0.002233200375;-8.154541249999999e-06;0.006878058375;9.558125000000001e-06;22.907555;0.13067041625;0.0027937952500000003;-8.045293371249999e-05;0.001177473;9.579977112499999e-05;-15.036193749999999;-39.17617875;-3.3921146249999996;-0.828733425;-8.90245325;-2.9321268875;-4.618879875;43.90654750000001;-16.72345375;1.22738;-9.439244749999999;32.168837499999995;6.689604749999999;-20.02691375;2.6780572499999997;6.836429875;-1.0578532374999998;0.45825268805874997;-0.09269732499999997;-1.3649415999999999;-0.8611927687500001;-0.556289075;-0.9946161124999999;0.11805797500000002;0.8054183875;1.0226791375;2.1392462187500003;-1.1258071525000002;-1.6769826125;-0.4295750249999999;0.74722159625;-0.004887737499999989;0.49118953749999994;-0.030084938375000002;3.614720375;-0.18045744750000003;0.0011674266999999999;-9.396751974999999e-05;0.024530874875;0.004704614;0.0074994697499999995;0.00073644424875;6.436769;3.0703795012499997;187.5;0.0;281.25;-33.3333345;777.34375;-72.656237125;1307.2916625000003;-85.67707775;1.4982954999999998;0.35689867125;220419.93749999997;-13241.6207;0.0421875025;-0.00576041625;0.0520840775;-0.0019246702175;0.8184885500000001;-0.000237256775
'IITM_HMM_02089_24_tB.wav';0.0;0.0;0.0;0.023089549600000002;-0.00707634134;0.0;0.0;0.0;0.0;-100.0;0.0;4.2941902000000003e-07;-2.2243801199999996e-07;1.565392544e-05;-9.02639666e-06;-11.2516434;-9.0204426;-0.5516048;-6.9034584;-9.4423936;2.38035922;1.8686548000000003;23.0708616;14.8889174;7.2565463999999995;3.957837682;0.9552008800000001;-0.8413674200000003;5.9468676;12.816432;0.31530159199999996;3.8320264;2.3106788000000003;-1.6568322000000002;-0.22527103999999992;0.65579238;0.9699872399999998;1.1988268912000002;-5.7308644;-3.0115996000000003;-2.2535732000000004;-1.4594479599999999;-0.13876538;1.6849500800000001;-0.02898635399999998;-0.836501086;1.2560797000000001;0.40170023999999993;0.120191778;5.9938664;1.40577262;0.0656372482;0.039103045999999995;0.00818646092;-0.00209732554;8.2430251298e-05;-4.85525254e-05;304.41850600000004;-136.43768;139.58334;-6.250000000000001;241.66667999999999;62.499992000000006;450.0;230.62500599999998;1227.0832;609.16664;10.727181999999999;-3.1490624;930829.258;537433.26;0.1665;0.05388333199999999;0.0;0.0;0.0;0.0
'IITM_HMM_02089_25_k.wav';0.0;0.0;0.0;0.012082013333333334;0.008590184;0.0;0.0;0.0;0.0;-100.0;0.0;1.0547329936666668e-06;3.4086751e-06;2.6059405366666667e-07;1.7602430666666664e-06;18.302559999999996;5.547941000000001;13.680952333333332;11.810985333333335;3.961839;3.2244883333333334;5.442953333333333;8.826900666666667;8.885098933333333;7.318105333333333;18.829343333333334;15.106823333333336;3.1481506666666674;15.077146666666666;8.868699;5.697966;-0.5098685666666666;-1.112125;2.8259663333333336;-3.3417453333333333;0.22101286666666667;-1.5495653333333335;-0.5277710999999999;0.6852938666666667;-5.663894666666667;-3.6276163333333336;-2.628092666666667;-0.9366510333333333;-9.095600666666668;0.01440180000000002;5.724042666666667;2.344301366666667;0.28528277333333335;0.1621037;2.635485;0.9656644666666666;0.04085640733333334;0.01649885666666667;0.0012114755666666668;0.0009185908999999999;3.837184803333333e-07;1.7371765666666666e-06;390.4741333333334;-157.86326666666668;41.666666666666664;8.680555333333333;187.5;120.48610000000001;611.1111233333332;391.31946666666664;760.4167666666667;448.6111333333333;15.847227666666667;-5.338424;620472.9766666667;301912.3333333333;0.08166666666666667;0.03852777666666667;0.0;0.0;0.0;0.0
'IITM_HMM_02089_26_A.wav';0.0;200.87307499999997;-0.208974305;0.205268675;0.006325878749999999;0.0047659745;0.0;0.003814412;-5.66508675e-05;10.189563249999999;0.509080125;0.000511421575;0.0001038956525;0.001110270925;-5.20827322e-05;-25.0557375;-34.88632;-4.459349250000001;-10.62164275;-16.392562499999997;-10.54976725;-7.882812;42.0630375;-16.2337925;0.46060695;-18.205969999999997;12.548339;-6.409955500000001;-17.7171575;13.234575;2.24554185;-0.69728475;-0.8879822499999999;-1.5138421750000002;0.0255991025;-0.20847315000000002;-0.3847743;0.1630328125;0.155842675;-1.243279725;0.21963456074999999;1.70715125;2.7357575;0.6305546;-0.9121529;-1.0739596000000002;-1.061802725;0.491124075;-0.010250019175;3.6827870000000003;-0.1031623575;0.0013821159999999999;-0.0001682064475;0.015333667000000002;0.00168304825;0.0022012760000000003;0.000404094975;11.783636249999999;-1.546179875;203.125;-6.770833;320.3125;-45.312502499999994;731.77085;9.11458;927.0834;25.00000375;2.06417825;-0.07831798;162144.90000000002;8697.775000000001;0.0529166675;-0.0055000002499999995;0.4053688325;-0.036900675;0.835474825;-0.00014369155000000002
'IITM_HMM_02089_27_p.wav';0.0;0.0;0.0;0.02448628883333333;-0.008294114333333333;0.0;0.0;0.0;0.0;-100.0;0.0;4.284815939666666e-06;-2.5010303316666665e-06;2.2449636284999994e-05;-1.2847918735000003e-05;0.8602653333333331;-6.522659349999999;-5.082541233333334;-3.3446285000000002;1.0577950999999999;4.008246833333334;3.1645614;25.49187166666667;12.168591000000001;3.9250395166666667;-0.9981637333333331;8.381142333333335;4.810599833333333;-2.866218133333333;3.3058461833333332;5.224489116666667;-0.7035911333333331;3.3194238333333335;3.1792764666666664;1.76621615;0.8281804816666667;0.5456701666666667;0.7839550666666666;-4.650234;0.10474498333333322;0.5598792;1.7536830050000003;-2.5391350000000004;0.77701645;2.0936565000000003;0.9700525166666666;-1.1348961000000002;0.2539835333333333;-0.004449481333333334;4.6973885;0.3356099783333333;0.023049167833333332;0.006852654166666666;0.00511101935;-0.0011482877;4.0279756031666665e-05;-2.351589575666666e-05;91.74793333333334;-3.5742243333333334;83.333335;-17.70833166666667;130.20834333333332;-18.055556666666664;246.52778333333333;-1.3888883333333324;463.5416666666667;1.0416621666666661;7.328090500000001;0.15990953333333335;351451.00333333336;103528.56833333331;0.11263887666666667;0.020319447;0.0;0.0;0.0;0.0
'IITM_HMM_02089_29_tB.wav';0.0;0.0;0.0;0.0181873115;-0.0047348257;0.0;0.0;0.0;0.0;-100.0;0.0;1.6855202449999997e-07;-7.266574875e-08;7.35180155e-06;-4.11160325e-06;-2.090944275;0.817176;2.708679;-6.75628525;-9.2996783;1.6641700000000001;6.209198250000001;25.35483;19.4594275;15.744325;11.305587000000001;-1.02853285;-7.844881999999999;2.30281935;12.98339375;6.24313;-0.0006464999999999943;0.08114812500000002;-0.17251655000000002;2.26621975;3.6338470000000003;0.34205316;-0.541100375;-4.7035055;-2.8819875;-2.4995678;-1.7102276;-0.94776266;0.7132295999999999;-1.4738434999999999;-4.68375125;-2.07943485;0.26427717500000003;0.065877675;4.759148;1.15031025;0.027684427875;0.01746763625;0.0058187685;-0.0009582330249999999;3.1295891535e-05;-1.82067145e-05;437.724775;-179.95785;111.979175;6.25000075;156.249975;18.229167;257.812525;47.916664999999995;442.708325;216.666675;13.526071750000002;-3.5637109999999996;433142.73;266676.025;0.12520834249999999;0.0519375;0.0;0.0;0.0;0.0
'IITM_HMM_02089_30_A.wav';0.0;180.53073999999998;-0.0838120604;0.19682825999999998;0.002743484;0.06720396;0.0;0.20544612;-0.0025249564;10.0867728;0.38713998;0.00026837748;4.364452000000002e-06;0.0007189239600000001;-8.286825800000001e-06;-28.022218;-20.879694;1.09004452;-7.2598772;-9.5362836;-0.814484182;-1.697541562;42.004512;-13.687916000000001;5.3229538;-10.602476200000002;6.1270084;-7.5217158;3.4742556;17.478054;-7.0690346;-0.0075381799999999725;-0.11666648000000004;-0.24854816;-0.10787498000000006;0.61281294;-0.4468422800000001;0.46332364000000004;0.96258302;0.020455339999999954;1.5170653400000003;1.393877;1.5656598599999998;1.41428468;0.66581008;-0.9572935399999999;-0.030195395999999965;0.46988068;-0.034354876;3.753781;-0.20840791999999997;0.0019735394;-0.0005126708000000001;0.017677244;-0.00042963331999999987;0.0019715152;0.00019414169599999998;14.137238;0.34342428;193.75;-3.7499994;343.75002;-70.0;687.5;-45.2083302;854.1666799999999;-14.166661999999999;2.3367822000000005;0.10688141199999998;147931.48;-6823.06326;0.057999999999999996;-0.0090666668;0.41828234599999997;-0.0024628502;0.82310774;0.00036891367059999997
'IITM_HMM_02089_31_c.wav';0.0;0.0;0.0;0.0350066925;0.01052891;0.0;0.0;0.0;0.0;-100.0;0.0;4.73336085e-06;2.45069e-06;1.2946052e-07;4.993948100000001e-07;8.0591105;-5.55430925;-4.939587749999999;0.31214770000000003;5.144519750000001;-1.9361835;3.4393966;-18.93299825;25.8057;11.162120250000001;-6.015422000000001;-0.7033963624999999;1.6626235;5.674303;-1.4002377999999998;-6.425081;2.643129875;2.161473;0.2346483475;1.21016675;0.16856857500000005;-0.52780005;-1.027761275;-3.140560775;1.0350884;0.6668995499999999;-0.7444860000000001;1.017559275;-0.24280332500000013;2.3701987;1.375322425;-0.641566275;3.15527375;0.24599423750000005;7.070221;-0.325832825;0.20372584999999999;-0.0217508155;0.003380830425;0.001346643375;1.286091865e-05;6.1290615e-06;3.76592225;0.238398875;3518.2292499999994;568.4896;4125.0;681.250025;6351.5625;222.91665;7101.562250000001;33.854175;-0.43023572500000007;-0.190797545;3289986.5;-618967.975;0.5354166499999999;0.048416664000000005;0.0;0.0;0.0;0.0
'IITM_HMM_02089_34_A.wav';0.0;98.84296666666665;-0.06348789166666667;0.11895652666666667;-0.011791704583333333;0.0;0.0;0.0023761585;0.0;-20.942339166666667;-0.82016836225;0.00012000189333333331;-8.76244375e-06;0.0003105017578;-5.617844141666666e-05;-23.874597500000004;-20.655325833333332;6.120321091666667;4.106464333333333;-9.919712583333334;-1.0522447833333335;-0.22186059166666675;41.0337225;-3.635755158333333;6.562030333333335;3.9625932500000007;30.35170125;13.747884999999998;-5.407457216666667;24.681565083333336;5.361770749999999;-0.3393331675;0.2721114233333333;-0.08052709166666665;1.5636687166666663;0.2507960938333333;-1.3209637916666663;0.5150728824999999;-1.4930581848333333;0.6979218916666667;-1.2030629916666666;2.714424466666667;2.1106066500000003;1.7597797250000002;-1.1575758183333333;-2.01648805;-0.2693776583333333;0.2813552916666667;-0.0042805245000000006;2.7883036666666663;0.017457860833333328;0.001856258933333333;0.0008131401833333333;0.015833412916666668;-0.00045410243333333326;0.0012112249183333333;-0.000140122255;39.36239416666666;1.1690225000000007;132.8125;-3.2118055000000005;161.45833333333334;-1.8229165833333332;310.7639;-22.656251666666673;579.8611083333334;13.020832500000003;4.415098166666667;0.11067808333333334;108410.67083333334;13928.00841666667;0.029305555000000007;0.0029791668625000003;0.016550141666666667;2.4491333333333334e-06;0.5147672916666667;-0.00026561651316666664
'IITM_HMM_02089_36_i.wav';0.0;230.44410000000002;0.031547107539999994;0.5433991600000001;0.0879872072;0.0086212864;-0.00015659826;0.021681404199999997;-0.00075393222;5.893328599999999;0.050434252;0.0005212854;7.925942799999999e-05;2.139746654;0.704994812;-10.4541762;-17.524486000000003;-8.908071000000001;-17.409984;-30.791453999999998;-19.72023;-15.680856;33.672236;28.678753999999998;32.76823399999999;-7.6028158;-16.608978;-17.967338;-38.851820000000004;-28.707234;-12.310342;-1.10624938;-0.28805134;-1.8201722400000002;-1.07320502;-0.9096284999999998;-1.549256352;-0.82260002;1.7857736799999997;1.5811575000000002;-0.885744094;2.3739482;-0.86381794;-2.1335606;-0.22187948;-1.69109716;-1.8944042999999997;0.26396706000000003;-0.0038027699;1.9406468000000001;-0.1013462566;0.000496679936;-0.00017918698599999998;0.72874242;0.14722716859999999;2.2538063819999996;0.7006175;1675.1585200000002;382.77202;218.75;0.0;225.0;-3.7499994;250.0;0.0;268.75;-9.5833354;24.827446;1.6661372;12024.0828;-4871.955260000001;0.034666664;-0.0037666666000000003;0.52207562;-0.0050995024;0.8011356;-4.8512044e-05
'IITM_HMM_02089_38_o.wav';0.0;188.67661666666666;-0.16400294;0.17803517333333338;-0.0072349684999999985;0.006078673083333333;4.076501166666667e-05;0.004705430916666666;2.4962535e-05;17.4913225;-0.02235137916666666;1.7862858458333332e-05;-3.849120333333332e-07;0.016577649283333332;-0.000662127458333333;-13.258909166666667;-1.5843569416666667;3.417818433333333;-2.595397833333333;-6.580597;-7.522871750000003;-11.427423249999999;53.68934333333333;33.221513333333334;11.005924416666666;-6.332430866666667;-1.3669500083333332;0.9893990250000001;-16.283104625;-21.915061083333338;-19.773406666666666;0.4335302475;0.35779989166666665;0.6284846333333333;1.0740503508333332;0.8065122241666667;0.2805966750000001;0.14680552666666666;-0.8286742416666667;-0.19294060833333335;-0.8621542333333333;-1.2730267916666667;-0.8738467074999999;0.10590410833333334;1.5645088666666667;1.2314747458333333;0.28279573333333335;0.2569035333333333;0.0076481625;2.3139735833333335;0.08021793166666667;0.00010222043666666667;5.245981840750001e-05;0.10609551166666666;-0.0012482128333333336;0.06430832733333335;-0.0019498472500000016;260.2379808333333;15.78140575;189.23610833333336;5.12152825;197.048625;6.857638333333334;270.8333333333333;12.760417250000001;360.24305000000004;7.378474333333334;5.174788083333334;0.42049749666666664;8847.710166666666;1409.0854;0.03180555583333334;0.00222222215;0.11531879000000002;-0.0016920837083333328;0.7748489666666668;-0.000202426025
'IITM_HMM_02089_39_u.wav';0.0;196.930675;0.001219506075;0.08499465;0.02651042;0.0;0.0;0.07503710000000001;0.0;3.57339075;-0.2204182425;3.5469294499999998e-06;1.627671425e-06;0.0056118810175;0.003202961;-3.52415784;-1.2064675499999997;0.24939750000000016;2.4564525;1.7218251749999998;2.4118192499999997;-5.0769725;38.40268999999999;25.8274375;8.34546325;-10.73776925;-11.104213;-15.87893;-24.791825;-16.08522;-10.014649;-1.1811742;-1.9597777;-1.303797225;-0.622576125;-0.350052475;-1.1276070249999999;-1.6742832500000002;3.1984794999999995;0.7440478749999999;1.883378775;1.5835503000000002;2.025489;-2.665272;-4.676507000000001;0.21213034999999997;0.8990268499999999;0.368462925;-0.0076371415;3.08089975;-0.19036795;0.00225320465;-0.000756095125;0.035224982;0.010904339249999999;0.0035713015799999997;0.002641611425;385.103075;-75.92985750000001;239.583325;-17.968747500000003;367.187475;-7.03125275;406.25;0.7812477499999999;421.874975;-4.1666687499999995;11.556147999999999;-3.1865097500000004;27365.5375;-6355.171;0.05187499999999999;-0.003708333;0.10942029499999999;-0.005333399;0.806913375;0.0015099703249999998
'IITM_HMM_02089_40_s.wav';0.0;0.0;0.0;0.0363148;-0.0028320899999999998;0.0;0.0;0.0;0.0;-100.0;0.0;8.836399399999999e-07;1.6384799999999456e-10;2.6968878939999995e-06;-1.5586237799999996e-06;1.1210328000000003;7.850320199999999;-2.03323216;-4.4741532;-4.9378551999999996;-5.4161812;2.1026137799999995;-12.9271074;24.012967999999997;1.3375446599999994;30.713972000000005;-4.34606308;6.9193888;8.448473799999999;-7.3694844;6.859679160000001;4.382790599999999;4.52393578;1.5199927;1.1981441800000001;2.74685798;2.14907048;0.09868322000000003;-4.684070940000001;-3.70215696;-3.6322553999999996;-2.29134832;-4.048785;0.7018777220000001;-0.7640604200000001;0.054921251999999955;2.1349829200000006;3.348762;0.59821093;4.9118678000000005;0.3924730980000001;0.07907854;0.0114317108;0.0081402296;-0.00142827184;5.3335674e-05;-2.6917449059999997e-05;30.642855400000002;-11.39055556;3618.74994;1033.74992;5206.25;885.8332199999999;5745.833199999999;858.54145;5912.4998;858.75;0.3971883999999998;-1.6632925579999998;2540069.4;-289626.91000000003;0.62216668;0.0742166658;0.0;0.0;0.0;0.0
'IITM_HMM_02089_41_i.wav';0.0;211.0700166666667;0.5397835833333333;0.10108588333333335;-0.005490856666666666;0.0094552045;-0.00011950493333333334;0.010619428;-0.0002947492833333333;13.695733333333331;0.4839311333333334;4.990215e-05;-3.2394866666666664e-06;0.0012715264666666665;-0.00016185033666666666;-5.289140166666667;-23.105311666666665;7.170798333333333;-5.627685033333333;-20.250223333333334;-3.638424166666667;-14.413951666666664;24.799795000000003;23.39646666666667;55.723773333333334;-21.020161666666663;-15.607943333333331;2.7121675350000003;-43.91162500000001;-28.208513333333332;-4.94710145;-2.760524166666667;-0.08157896666666686;-0.28524864999999994;-2.7234494333333337;-0.7857190216666666;-0.44232616666666663;-0.6052054;0.08341405499999999;0.8890908383333334;0.11125016666666672;0.6879630166666665;1.1692091333333334;0.9028078799999998;-0.9414461;1.7223778166666666;0.8493766333333334;0.29576195;-0.010561493;2.43286;-0.12047117166666667;0.0009970897833333334;-9.616579616666666e-05;0.016514825;0.00119006075;0.0013560496;-0.00010972297999999998;88.05418833333333;24.116818133333336;196.18055;2.256944333333333;218.75;-1.2152778333333334;315.9722;-28.645835;364.5833333333333;-26.562501166666667;8.5271105;0.8054527916666667;117044.84500000002;-5233.772916666667;0.03652778;-0.0062222218666666655;0.18676388333333335;-0.005480798666666666;0.7697621;-0.001829168983333333
'IITM_HMM_02089_42_k.wav';0.0;0.0;0.0;0.013448044999999999;0.0071033204999999995;0.0;0.0;0.0;0.0;-100.0;0.0;6.528167100000001e-07;1.443619e-06;1.1951354499999998e-07;1.9227135500000003e-07;-5.43708;2.667111;8.6993675;-1.415092;0.6255099999999998;-1.4460915500000002;-3.9286065;2.8201297500000004;13.469574000000001;22.713169999999998;-0.1674445;1.91200905;-2.8864625000000004;-13.6934;-15.686845;1.2193859999999999;2.5480955;-1.5506225;0.71292175;0.41843815000000006;2.840423;0.5384027;2.2101565;-3.0356765;-3.8672175;-0.17952655;-3.238896;-1.38612805;1.9761185;1.7664214999999999;1.9891480000000001;5.3231065;0.96545565;0.2601763;6.6535755000000005;-0.04915445;0.1371572;0.034753784999999995;0.0004744845;0.00046305515000000003;2.83245935e-07;6.741763e-07;13.0337635;-3.636864;593.75015;435.9375;1583.3335;509.8958;1843.75;567.70835;2541.6665;863.5416;2.372999;-0.78908295;2042220.0;240628.95;0.37;0.0054583324999999995;0.0;0.0;0.0;0.0
'IITM_HMM_02089_43_e.wav';0.0;168.39508333333333;-0.7886206166666666;0.11507808333333332;-0.0017369418333333334;0.0;0.0;0.020705485;6.087076666666667e-12;15.274752;0.49850445;5.1510903333333326e-05;-5.035792616666666e-06;0.0025183408333333333;-5.3107316666666655e-05;14.697842000000001;-18.8274475;9.638371833333332;1.8777754666666666;-13.767478333333335;-2.1315026333333336;-3.8647863333333334;33.63597333333333;22.852980000000002;58.22799666666666;-24.942995;-28.214586666666673;-0.2745057166666667;-23.458341666666666;-30.608279999999997;12.545993666666668;1.59737695;2.8553007999999998;0.31057154;-0.2913985;-0.7395114166666666;-1.1945768666666667;-0.8327500666666667;1.10745295;1.1939907166666666;0.02672320000000002;2.3163184666666665;0.7252830726666666;0.6192154;1.3761951000000001;2.0582805;1.7047796833333335;0.3175169666666667;-0.018095741833333335;2.877844833333333;-0.04781080033333333;0.0005881908166666667;-0.00011232471333333332;0.018852148333333336;0.0017683937166666664;0.0020215036666666668;2.9009096666666675e-05;80.83501833333334;31.214197333333335;177.08333333333334;-6.07639;269.09721666666667;-28.298610166666666;352.43055000000004;-23.95833483333333;414.93055000000004;-2.6041666666666665;7.841218499999999;0.6420673166666666;90295.77;-16397.2;0.04902777833333333;-0.006263889000000001;0.092805985;-0.0020890923333333335;0.7721508999999999;-0.0009677184333333334
'IITM_HMM_02089_44_k.wav';0.0;0.0;0.0;0.006014156;0.0030862638333333334;0.0;0.0;0.0;0.0;-100.0;0.0;9.373881666666667e-09;6.7230842e-07;2.4751483333333335e-08;2.581892313333333e-07;3.4001976999999997;-0.47247346666666684;7.667054666666666;10.786448333333333;5.315984333333334;12.294289999999998;7.945845666666666;8.349548;13.051896666666666;14.412433333333333;6.5579187333333335;-1.581897666666667;-5.241207;-0.3926442333333335;-1.7233196000000002;5.088988;1.3274555;0.9483189166666667;-0.17417366666666664;-3.0057663333333338;-1.3731603333333335;-1.9292945;0.8865392000000001;-0.5519041000000001;-2.8161578333333335;-1.2996648666666666;4.539723333333334;3.467740333333333;-2.101476566666667;2.916207333333333;3.905364666666666;3.3970756666666664;0.25995476666666667;0.013997540333333336;6.413286;-1.0212225666666668;0.04752239333333333;-0.0011249733333333336;0.0002111656;0.00028326534;1.1824586666666668e-08;3.024007563333333e-07;49.377829999999996;-1.2569369333333331;41.666666666666664;-2.083333;138.88889;-25.0;194.44443333333334;103.81945333333333;503.4722;169.444423;6.198015666666667;-0.20405063333333337;802133.0;17011.46633333333;0.09749998666666666;-0.0011666696666666667;0.0;0.0;0.0;0.0
'IITM_HMM_02089_45_A.wav';0.0;178.09565714285714;-0.1998554142857143;0.24110270000000003;0.015288324428571426;0.02487779142857143;-3.1508045714285714e-05;0.014939485142857143;-0.00024195942857142862;13.244278857142858;0.30771576000000006;0.0009727811714285715;0.0001276926842857143;0.0008482431857142859;4.241022685714286e-05;-25.52395142857143;-33.02564857142857;1.7733723385714286;3.689814628571429;-13.622148571428571;-1.9037620285714285;-0.8556569985714286;41.53686857142857;-16.953879285714287;4.195570014285714;-13.15672085714286;19.039375714285715;0.5997682857142858;-11.512479714285716;16.59174857142857;0.3236184571428572;-1.0656477285714285;0.37925312857142857;0.21915754571428575;0.6097489285714287;-0.27279648142857144;0.4534115871428572;0.9274350728571428;0.8871613714285715;-1.5726913999999999;1.0521112000000001;1.5657394857142857;0.7649318585714286;2.1862901714285714;1.6694731571428572;-0.46130492142857144;-0.9275272285714287;0.5228270428571429;-0.0068943711428571435;3.9896638571428573;-0.1135795157142857;0.0023268629999999998;-0.00042662405714285714;0.02293396;0.0008729777614285714;0.0036864809285714283;0.0005809168757142857;10.089806285714287;-1.3128603857142855;191.96428571428572;-3.7202377142857146;342.2619;-20.08928457142857;813.9880999999999;-6.84523742857143;1132.4405714285713;12.946437142857139;1.8400435714285712;-0.10379144142857141;210436.84285714285;1201.648;0.06833333571428571;-0.0030357139999999997;0.2838783214285714;-0.012114565957142857;0.8241687714285714;0.0005159452071428572
'IITM_HMM_02089_48_nr.wav';0.0;148.62055;0.2727079666666667;0.10358665166666668;-0.0111166515;0.011570353333333333;0.0;0.026117498333333333;0.0;21.845283333333338;0.06860146833333333;2.1231677166666667e-05;-8.423405166666667e-06;0.0008949763000000001;-0.00012203977166666666;-12.209633499999997;3.3598944833333335;7.494557;-6.192880833333334;-1.00991165;-1.4500417499999998;-3.6231363333333335;45.38634833333333;13.839734166666664;27.33700333333334;15.314681666666665;-15.544315;-10.930406833333334;11.721134333333332;14.632164166666664;-2.533440816666667;1.50554451;1.5656932333333335;0.31536407666666666;0.717562615;-1.019078715;0.26676755;-0.6619344666666667;-0.5114465648333333;3.2999383333333334;-0.004605516666666624;-0.10800816666666657;1.0389777833333331;-1.7192143833333333;-2.2672085833333333;-1.8963136016666666;-1.4028365;0.19737576666666667;0.0011407010000000003;2.311615833333333;-0.000936773333333335;0.0002965911333333334;-1.9917429000000003e-05;0.014785887499999999;0.0010311051666666668;0.0020541804333333333;-0.000318119135;297.4714016666666;35.530435000000004;130.20833333333334;3.9930555;156.25;0.0;175.34723333333332;3.125000333333334;293.40278333333333;8.333329999999998;10.419131666666667;0.17507040000000007;16514.26833333333;-2785.48515;0.01916666666666667;0.0011805556333333335;0.08902478000000001;-0.0009836122666666666;0.7785468166666667;0.00034033859999999997
'IITM_HMM_02089_49_c.wav';0.0;0.0;0.0;0.058916987500000004;0.004974762337499999;0.0;0.0;0.0;0.0;-100.0;0.0;4.7348477e-05;8.716067999999999e-06;3.8859333750000004e-08;1.2929724762499999e-08;12.853166125;20.78242875;-0.7071208625000001;3.5692866875;11.957730875;0.20448853750000012;2.078036745;-35.00359375000001;11.560175000000001;33.75900375;-0.24743725000000008;-10.324810874999999;11.63670675;6.985473374999999;18.566908749999996;0.426786125;-0.3954624625;-0.3229671875000001;-1.8144323375;-2.0082421999999998;0.42762849999999997;0.18837442375000002;-0.12529265625;-1.730009275;-0.293882835;0.18976750624999997;-1.084517905;-1.1433943625;-0.22177638500000002;-0.7530939375;-2.2117654625;-2.3675564125000004;2.633624125;0.1374960325;6.028131999999999;0.17246251124999995;0.11781032500000001;3.32435100000001e-05;0.004876576875;0.00067195865;2.4045868125e-05;4.0259026249999995e-06;2.570786625;-0.00805451750000001;3144.53125;260.416630625;3438.80225;287.49999424999993;5421.875;145.31251874999998;6903.645875;123.30730012499998;0.5426801625;-0.005185834999999993;2753022.5;-246426.26374999998;0.4911458125;0.03106249712499999;0.0;0.0;0.0;0.0
'IITM_HMM_02089_50_A.wav';0.0;213.90879999999999;-0.040724920000000005;0.45597054000000004;0.084726928;0.04279408;0.0;0.025639906;-0.00040694446;7.378169600000001;0.250851636;0.00316369844;0.000817674068;0.09719932140000001;0.118982234;-27.418435999999996;-18.406332;-8.1052466;-21.541506;-20.2887;-10.082307;-7.5851864;48.51691999999999;-2.2507911999999997;-0.8062260000000002;-10.9332902;1.91919188;1.48424884;-5.898809999999999;-4.745152539999999;-20.295542;-1.7535172599999995;-0.170748934;-0.8039280400000001;-0.13398036799999996;-1.4853779800000002;-0.52903734;-0.62976624;-0.10979076000000002;4.5792046;-1.8193154;1.65811414;0.99395966;0.63293594;-1.4290557199999998;-1.8367866;-0.42008736;0.29892412;-0.016138462;2.4691036;-0.21521894000000003;0.00044664264;-9.177967599999999e-05;0.223002034;0.10500814600000001;0.27272240400000003;0.24169111399999998;88.23267799999999;177.2647094;193.75;-2.291666;218.75;0.0;268.75;-24.5833326;481.24997999999994;-72.29166599999999;5.1347096;2.30796148;38687.914000000004;-9339.314600000002;0.034166666;-0.0041999997;0.60648728;-0.026143690600000002;0.8272541;-0.00011683750799999998
'IITM_HMM_02089_51_dB.wav';0.0;0.0;0.0;0.4129731666666667;-0.13645459999999998;0.0;0.0;0.0;0.0;-100.0;0.0;0.00034093507;-0.00015318273333333335;1.2823533233333333;-0.6533578666666666;-19.669900000000002;-18.480006666666668;-15.192590000000001;-14.17013666666667;-12.057716666666666;-9.108536333333333;-6.487386333333333;35.57432666666667;31.65698666666667;27.315853333333333;20.264783333333337;9.313865;-1.0541281999999998;-8.748218666666668;-13.638976333333334;-18.252353333333335;3.296863666666667;2.285918;1.9940753333333336;1.0442998666666667;0.43091566666666664;0.1312545666666667;0.6910075666666667;-0.42496020000000007;0.15699509999999997;-0.21363200000000004;0.6038937666666667;1.7204476666666668;2.634001;4.220182;4.783853333333334;4.119650666666666;0.2185715;-0.010610441;1.862598;0.0014196133333333333;0.0010723037966666666;0.00029077073;1.1778502333333334;-0.061155400000000006;2.8362901333333332;-1.4298133333333334;7228.607333333333;-399.4653333333334;177.08333333333334;-7.291666333333333;197.91666666666666;-12.152776666666668;208.33333333333334;-7.291666333333333;236.1111;-12.500002333333333;49.59493666666666;-2.0068206666666666;8922.172;2281.9380566666664;0.02361111;-0.0010555553666666666;0.0;0.0;0.6824529666666667;-0.0035596143333333336
'IITM_HMM_02089_52_i.wav';0.0;147.11762499999998;0.6017292875;0.08536759375;0.0016519379625000003;0.0063717875;-0.00011623608749999999;0.0117089775;-2.447038375e-05;-12.128245;0.08545806875;3.1092534375e-05;2.799422e-06;0.00164603835;0.0002288415025;-11.16457975;-27.780804999999994;-3.9972100975000004;-17.29825375;-28.022375;-9.48198875;-14.872100125;22.98827;20.60664;53.765848749999996;-30.160241250000006;-22.522031249999998;-6.0242928749999995;-51.239887499999995;-31.494973750000003;-11.397650375;-1.2038390875000002;-1.9115711999999994;-0.4668313875000001;-0.5152786874999999;-0.3787440374999998;0.1331881000000001;0.7649502125000001;-0.5853577499999998;-0.5035788375;-0.148574275;-0.7634699374999998;-0.08792846249999994;0.26618528500000005;-1.4330342125;-0.27712630625;-1.4260202375;0.3024009375;0.001722646;2.1545972499999997;-0.030680473750000003;0.0007063777249999999;3.1365506375000005e-05;0.0177891645;0.004151293;0.0009506635875;0.00010079272124999998;104.074835;9.9782535;225.2604125;1.69270825;240.8854125;4.687501125;278.64583749999997;-4.557292875;317.70835;-14.06250124353025;9.181205875;0.16164378750000005;112880.70125000001;8264.302124999998;0.04145833375;0.002895832875;0.07177457000000001;-0.002290394915;0.743574175;-0.0015329202125
'IITM_HMM_02089_53_nB.wav';0.0;66.38280666666667;-0.03788051666666667;0.11502413333333332;0.0017647071333333336;0.0;0.0;0.0;0.0;12.335143333333333;-0.0009311679666666666;9.756373666666666e-07;9.2471755e-08;0.00506254;0.00013675387333333331;-10.099881333333334;-4.368467;-9.433881666666666;-10.033590333333334;-5.400586666666666;-6.864857333333334;-15.28384;49.66388666666666;37.884276666666665;31.33410333333333;13.4189;-12.016273333333332;-21.737053333333336;-13.504553333333334;-21.068640000000002;-27.649316666666667;-0.9847085999999999;1.5840783333333333;2.7099290000000003;1.4987263333333336;1.6527553333333334;2.3315650000000003;0.5425474333333334;0.41855250000000005;-0.34424092666666667;1.5558206666666667;1.811672333333333;-0.17082223333333335;-1.6114663333333334;0.13038292666666665;0.2805144666666667;-2.2706809999999997;0.23603700000000002;0.0008077391333333332;1.8832533333333332;0.049595216666666664;1.773245e-05;3.058059333333334e-07;0.023519556666666663;0.0052369370000000005;0.01903731666666667;0.0005530213666666668;419.70689999999996;-111.45623333333333;187.5;0.0;208.33333333333334;-7.291666333333333;218.75;0.0;263.8889;20.833333666666665;6.6860100000000005;-1.0391220666666665;3261.167;448.04036666666667;0.025833333333333333;-0.0011666658333333334;0.2853146;0.0;0.7111171666666668;-2.7388216666666666e-05
'IITM_HMM_02089_56_i:nas.wav';0.0;219.47140000000002;1.3065123213333336;0.12265938533333334;-0.000571200446666666;0.012375786666666666;2.3537429999999998e-05;0.021983915999999996;2.2062923266666668e-05;13.455286000000001;-0.0430276724;8.635533199999999e-06;-7.544167999999999e-08;0.018327693543999997;6.322011226666692e-05;-14.798481266666666;-17.53561626666667;-5.93594878;-17.248355466666666;-17.950299733333335;-10.841776000000001;-15.371544666666669;33.50009466666667;29.48348533333333;37.580726;-7.269222;-6.685757066666666;-0.04531320000000107;-30.83924253333333;-15.692090199999999;-8.311314713333335;0.35761842000000027;-0.7364950333333332;-0.48210113200000027;-0.7115728866666665;-0.8846343259999999;-0.39786998;-0.3865447273333333;0.21699402734666673;0.010814673333333266;-0.5252363319999999;-2.1261530799999995;-2.9734321533333334;-2.9889037200000006;-2.436594595333333;-2.174391433333333;-0.9553958400000001;0.23928878666666667;0.007924012733333334;1.7612542666666668;0.04153552705333333;0.000242612376;1.0586619933333336e-05;0.07665006193333333;0.0007592946666666681;0.027520630726666665;-0.00020174337333333367;1924.2426600000001;-238.077768;195.83333333333334;6.1111124;210.41666666666666;4.1666672;227.08333333333334;6.111111866666666;250.0;13.263889866666666;30.726541333333333;-2.514719666666666;8971.191866666666;875.0944066666667;0.025611111333333332;0.0006999999399999998;0.15185256666666666;1.7314680000000048e-05;0.7694157266666667;0.0014980895426666664
'IITM_HMM_02089_57_k.wav';0.0;0.0;0.0;0.006508732666666667;0.0024408131333333335;0.0;0.0;0.0;0.0;-100.0;0.0;1.2575321333333336e-08;2.608248593333333e-07;4.520587333333333e-08;7.8755842e-08;-3.1420483000000003;-4.7514981;4.241224666666667;-0.6678211;1.0737754333333334;-0.3626771633333332;2.978725133333333;10.715568;10.902045;10.299854999999999;9.269137666666667;5.3613116666666665;-6.828316666666667;-5.323628333333333;-6.802779;-5.7456716666666665;3.1159436666666664;-1.8803875666666665;-0.15807096666666665;1.7911041333333333;1.477671;0.5921105333333333;1.9104599999999998;-0.8172852;-3.368725;-2.0088600000000003;0.08561967000000008;-1.966295;-2.578091066666667;3.0307318666666667;3.4073906666666667;1.8266716666666667;0.43319263333333335;0.1291028333333333;9.356594;0.14153670000000004;0.07951274333333333;0.020274816666666667;0.00016634781;0.00019570075;3.228192333333333e-08;8.022628933333335e-08;28.163420000000002;-7.188549999999999;79.86110000000001;44.79167;225.69443333333334;148.61111;454.8611;269.44443333333334;1215.2779;511.4583333333333;4.549986333333334;-0.7899786333333333;1312025.7333333334;266946.8333333333;0.3363888666666666;-0.0016944443333333336;0.0;0.0;0.0;0.0
'IITM_HMM_02089_58_A.wav';0.0;172.37519999999998;-0.3333819;0.10396740333333332;0.0144713;0.0;0.0;0.0;0.0;6.545418000000001;-0.15102538000000001;2.1670229666666664e-05;8.943335666666668e-06;0.0004725923333333333;5.8622083333333346e-05;-7.739704666666666;-20.332246666666666;7.660502666666667;-14.247129999999999;-15.395136666666666;4.873178333333333;-2.2054009999999997;38.098659999999995;0.9777516666666665;21.08587;-14.981486666666667;-8.945783333333333;-19.36403;3.839427536666667;14.600266666666668;2.8639613666666666;-1.923758;-2.309198;-1.7989002333333335;-1.534283;-1.5843369999999999;0.09881723333333331;0.7064594666666667;1.6279066666666664;-1.7564483333333332;2.126058;0.7679538999999999;2.0386463333333333;2.813025;3.835789666666667;1.716761166666667;-0.27544850000000004;0.3688896666666666;-0.027168809999999998;3.579807666666666;-0.3102682666666667;0.0033567053333333333;-0.0012350763333333333;0.01955323;0.004000783666666666;0.0005707592999999999;0.00022607533333333335;67.70385999999999;-5.845014666666667;197.9167;-18.402776666666668;281.25;-42.361106666666664;437.5;-46.87499666666667;597.2222;0.6944486666666663;6.014760666666667;-0.3182428033333333;84094.26000000001;-6751.076;0.043333336666666666;5.555580000000008e-05;0.0;0.0;0.7468131333333333;8.992141999999998e-05
'IITM_HMM_02089_60_p.wav';0.0;0.0;0.0;0.007259945142857142;0.0020398870285714284;0.0;0.0;0.0;0.0;-100.0;0.0;5.195073085714286e-08;4.5497826085714287e-07;1.3535315999999998e-07;5.336191885714287e-07;-1.7217647142857142;-3.200211842857143;-2.102244428571429;-3.011828952857143;1.0218392857142855;1.1821111571428573;3.051580285714285;13.711822857142858;13.738302857142857;8.248614857142856;10.546210857142858;1.2731991142857144;2.5047474285714286;-2.334139428571429;-0.2166277857142856;5.3209794142857145;1.8012794285714289;0.6624703142857145;1.5875899714285713;1.427755;1.5154221214285715;-0.5243085271428571;-0.007466114285714321;0.41054887142857144;-1.41970938;-1.0480555142857144;-0.7737482714285713;1.8355148571428572;1.8480112285714283;-0.5361547714285713;-0.4156166;1.9360671428571432;0.18926553428571427;0.008042821428571429;4.767393;-0.013494002057142867;0.02562975285714286;-0.001044916;0.00039926059999999996;0.00023241574142857143;1.21955844e-07;5.007143185714285e-07;89.27358857142858;-1.9043477142857148;61.01191142857143;0.8928571428571439;93.75000857142857;11.160707142857143;139.88096714285714;29.166672857142856;282.7381;56.10118428571429;8.503195571428572;-0.1872138;472739.28571428574;-26039.072142857138;0.10166666285714285;0.0005833341428571422;0.0;0.0;0.0;0.0
'IITM_HMM_02089_61_A.wav';0.0;184.4744;0.0;0.1902384;-0.0046104005;0.0;0.0;0.0;0.0;13.26477;0.0;0.00064031125;-8.737177e-05;0.00032898650000000003;-3.9725005e-05;-16.208869999999997;-32.516795;-8.143392500000001;-6.904698;-7.3086025;-4.4328505;-4.4491024999999995;44.090475;-17.30255;2.749961;-11.6590395;28.572380000000003;7.269574499999999;-20.38733;2.8990620000000002;3.4153425000000004;-1.9982815;1.4246254999999999;0.048403265;-2.441847;-1.839194;0.8103046;0.12064605;-0.9375954;1.1592921;1.48520985;3.5378545;-1.39922235;-0.013531020000000001;3.4725410000000005;1.5788550000000003;-1.7157955;0.4605546;-0.042906275;3.4994125;-0.24794785000000003;0.0009154062;9.630855e-05;0.0071722470000000005;0.0028182154999999995;0.0017192395000000002;4.83363e-05;7.529434500000001;4.5381495;187.5;0.0;213.54165;-6.770833;677.0833;-120.833345;1234.375;-141.145825;1.7013055000000001;0.5597165;198802.3;-23252.855;0.029583335;0.00091666681;0.0;0.0;0.8170321;0.0
'IITM_HMM_02089_62_9r.wav';0.0;77.17735;-0.01910611;0.07075991666666666;-2.4714999999999807e-05;0.0;0.0;0.0;0.0;6.272986666666667;0.0004379524333333333;6.540183e-06;4.3577966666666675e-08;0.00016236106666666668;3.550887666666667e-05;-1.0205138;-5.083885333333333;2.8469443333333335;-11.987563333333332;-11.195502;5.941027666666667;-2.0552353333333335;39.5885;10.036113333333333;24.41171;4.497332666666668;-12.24364;-6.213562;6.347114;19.16362666666667;10.639263;-0.9610931333333333;-0.7299100666666667;0.273083;0.2590396;-0.7650809333333334;-0.07633433333333334;0.06981080000000002;0.31250806666666664;-0.15552290000000002;1.3283813666666666;-0.5845541333333334;-2.2005176666666664;-0.3906860766666666;-1.499716;-1.3197995666666664;-1.2017144666666668;0.2235229;0.005979949000000001;2.5196210000000003;0.030301146666666657;0.0009745698000000001;-6.329788333333333e-05;0.008231176;0.0016675480000000003;0.0003151083666666667;1.3557911333333336e-05;222.08396666666667;-3.696093866666667;135.41666666666666;7.291666333333333;156.25;1.7361116666666667;190.97220000000002;27.08333466666667;381.94443333333334;-7.291673333333333;9.779771333333334;-0.03269446666666668;35142.55333333334;-186.84533333333334;0.026388889999999998;-0.002222222;0.7659575;0.0;0.7129662;0.0004408676
'IITM_HMM_02089_64_hv.wav';0.0;131.86628000000002;0.24326761999999996;0.08282307600000001;-0.00107528524;0.0;0.0;0.039180148;0.0;21.626888;0.129908602;3.7730004000000004e-05;1.1177918759999999e-06;2.27222398e-05;-7.145101779999998e-06;-8.9232656;-4.6428314;6.9349435999999995;-7.264863000000001;-14.528878;-6.7659234;2.6437772;35.171898000000006;2.2496046;16.442576;19.844597999999998;47.191323999999994;26.718781999999997;5.03227708;29.036469999999998;12.2974608;-0.27872050000000004;-0.94456784;-1.41327546;-0.22885678000000004;0.4205240199999999;-0.7424166600000001;-1.14217924;-1.1632192;0.347902528;1.31169403;0.39201241000000003;4.7408562000000005;1.25461028;-3.2985754;1.33251356;0.67056728;0.14696692;-0.0005969607999999997;1.6367093999999998;-0.030323195600000002;0.00033285948;-2.45924842e-05;0.0079587618;0.00142092292;0.0018246234;0.00010876713800000002;436.90919999999994;30.343246;125.0;0.41666679999999995;125.0;1.4583334000000001;143.75;-0.6249998000000001;156.25;1.4583334000000001;16.489058;0.8439066800000001;13608.412;-655.5520200000001;0.020666668;-0.00113333338;0.074471686;-0.00134967634;0.73425698;-0.0008143755
'IITM_HMM_02089_65_A.wav';0.0;83.05599333333335;-0.0014994622;0.16296816666666666;0.002100688633333333;0.0;0.0;0.0;0.0;14.03633;0.0;0.0005877885333333333;6.361166666666667e-07;0.00012076605666666667;1.3122536666666667e-05;-19.153736666666664;-26.404866666666667;-4.369152;-0.39268532333333334;-10.999923666666668;-4.255179333333333;-6.627365666666667;42.919129999999996;-11.402773333333334;3.8697223333333333;-0.9101857;45.694896666666665;20.806433333333334;-16.76630666666667;10.97605;0.54757579;-0.1697355733333333;1.8537575333333336;0.9882810666666666;-0.41543406666666666;0.47080643333333333;0.5076684666666667;0.3679747;0.1536737;-0.706903;0.6581215333333333;-0.2521470666666667;-1.8561456666666667;-0.3230849666666667;1.4033324;0.5302164333333333;-0.8062977333333334;0.3241192;0.00285525406;2.7223046666666666;0.04714169666666667;0.0007250263666666667;4.386172333333333e-05;0.006335113;0.0012941603333333333;0.0016284306666666665;2.6427119999999994e-05;11.352770000000001;-0.1366335;156.25;0.0;180.55553333333333;-2.083334;187.5;0.0;989.5833333333334;3.1249936666666667;2.53057;-0.03813166666666667;147111.7666666667;1415.8703333333335;0.039722223333333334;-0.0021944453;0.0;0.0;0.7230308666666666;-0.0002923145
'IITM_HMM_02089_66_hv.wav';0.0;137.5694;-0.6015557;0.08965729;-0.006222193;0.0;0.0;0.0;0.0;20.053119999999996;-0.004264845333333334;1.721939133333333e-05;-4.194828666666666e-06;2.1281196666666664e-05;-5.2569213333333335e-06;-16.930396666666667;-6.499155333333333;-2.566812;-17.624783333333333;-11.802380666666666;-9.622892333333333;-7.318146666666666;35.41706;8.376152333333334;28.023583333333335;11.279024000000001;20.739573333333336;34.317460000000004;23.969753333333333;20.874403333333333;-7.449201666666667;3.8992986666666667;-1.704875333333333;-0.13845930000000004;2.501432;2.5457916666666667;-0.8418430333333333;-0.29334903333333334;-1.9051419999999997;1.2551296666666667;4.777114999999999;-1.2410552;-2.794385333333333;4.94294;5.505255000000001;0.7753083666666667;1.8111595333333332;0.16569406666666667;-0.007420967666666667;1.62019;-0.028685353333333333;0.0003090532;-3.402442666666667e-05;0.014762247333333334;0.003796265;0.002486834;-4.866815e-05;1003.0414000000001;137.97337333333334;135.41666666666666;-5.555554333333333;152.77776666666668;-5.208333333333333;156.25;-2.430555666666667;177.08333333333334;-7.291666333333333;24.749913333333335;2.649213666666667;9054.766333333333;-712.2854333333335;0.019166666666666665;-0.0007777776333333335;0.08510633333333334;0.0;0.7173717333333333;0.0001384311733333333
'IITM_HMM_02089_67_aI.wav';0.0;108.153325;-0.42488845875;0.06691545625;-0.00439831075;0.001595472625;-1.382549125e-12;0.00583764625;-1.7987137500000002e-05;-4.582963749999999;-0.026208390000000005;8.025871999999999e-06;-9.477189125e-07;0.00013065316375;1.8571802499999982e-06;14.0455327375;-16.793582625;-9.786105125;-2.4936268625;-9.150946999999999;-7.82500275;-4.0490305;35.692432499999995;20.444342499999998;46.020843750000004;-11.594884412499999;-24.3544505;27.852116249999998;14.585256249999999;-2.7126202625;19.232916250000002;2.79578402875;1.4146980250000003;-0.5517209825;0.09891221149999996;-0.45826709374999997;0.738918475;1.0023648875000002;-0.14072717500000004;0.459616335;-0.6018917749999999;-1.1202275875;-3.0426962350000006;-2.6997388875;-0.7990466012499998;-0.21879895;1.491540445;0.19258137499999997;0.005708883937499999;2.1306316250000004;0.12638054875;0.0004788919875;0.000236988299125;0.011217130875000002;0.0003427097275;0.00071219812;-0.0001499360425;261.665125;-57.3267344375;132.8125;-0.520833375;148.4375;-3.3854165;164.0625;2.2135420000000003;298.177075;33.46354125;13.322099999999999;-1.6553246775000001;39099.51625;9272.051875000001;0.0209375;0.0021041666000000004;0.06667047749999999;0.0004601555875;0.5707868;-0.000208575484025
'IITM_HMM_02089_69_o.wav';0.0;183.30996363636362;-0.6716281690909089;0.1297698445454545;-0.0038820780909090916;0.03772020454545455;-0.0006939011500000001;0.03954290290909091;-0.0004495405427272728;11.005156818181819;0.05521080618181818;4.5704860909090905e-05;-1.6572860000000005e-06;0.005338666154545454;-0.00029590486363636364;-1.1638355363636363;-13.093995081818184;-15.371526054545456;-16.27567609090909;-7.763047090909091;-3.918023818181818;-10.187074090909093;44.76885363636364;24.279296363636362;18.504137181818177;1.144109918181818;23.06313249090909;1.878573454545455;-25.779698181818187;-11.709951272727272;0.01148827272727279;-0.4239584363636364;2.225992618181818;1.3984516909090907;1.720132581818182;0.156368009090909;-0.18089965454545462;-0.10418958454545453;0.548590556909091;1.48456557;-0.6713888327272727;0.14392311818181855;-1.355527;2.6340124063636363;2.806343609090909;0.02747217272727279;-2.017105745454545;0.22539060000000005;-0.0020050483727272733;2.086161;-0.041888995454545434;0.00034893307818181817;-0.0001096137909090909;0.11087013272727274;-0.0018568198181818174;0.0374481339090909;-0.0005936703636363643;1062.0958454545455;26.79541272727271;176.13636363636363;-1.6098482727272716;199.8106;-1.8939401818181807;234.84848181818185;-5.776515454545457;261.3636363636364;-5.587120636363637;16.877895;0.1687103418181817;10200.588090909092;-1999.8674181818192;0.026590910000000002;-0.00031818197909090883;0.3159322;-0.002260302390909091;0.7450235545454545;0.0005119548845454546
'IITM_HMM_02089_71_s.wav';0.0;0.0;0.0;0.029791743333333332;-0.002309223816666667;0.0;0.0;0.0;0.0;-100.0;0.0;4.847443000000001e-07;-9.440206666666668e-09;1.3412133366666667e-06;-7.127940216666667e-07;-4.585266833333333;10.214141;-1.0116388449999998;-8.682188833333333;-4.1856933;-3.142164166666667;3.0050896999999996;-11.371878716666666;25.290885;6.2075197;30.543644999999998;-7.321365;3.549083166666667;11.452030166666667;-3.7446275000000004;-2.005038975;3.2952913333333336;3.5656564500000005;0.18522517666666674;1.2043370166666667;2.02906135;3.1461601666666668;-0.11989506666666672;-5.122909333333333;-3.344002333333334;-4.214354733333334;-2.7147840000000003;-4.930490999999999;1.0505863716666666;-0.10918274333333337;0.38293948333333333;-0.030429983333333393;3.128087583333334;0.6351748666666667;4.516097;0.48422492666666667;0.06535159166666667;0.011138597666666666;0.007923829666666667;-0.0015394916;7.3177143e-05;-4.054629227e-05;134.59830666666664;-73.71634431666668;4010.4165;869.44445;4546.875166666666;1004.3403499999998;4913.194333333334;1090.6249500000001;5116.319216666667;1048.2638833333333;3.1689297499999998;-3.208925666666666;1553430.8333333333;82245.21666666666;0.57444445;0.08124998999999998;0.0;0.0;0.0;0.0
'IITM_HMM_02089_72_e.wav';0.0;208.58735;-0.5938071;0.09257951;-0.0020432026249999997;0.05115025;0.0;0.112906175;-0.00086567325;7.153363325;0.501884125;4.3636240000000004e-05;-7.178615000000003e-07;0.000870545275;-6.51379525e-05;14.1247775;-23.2655725;2.8102665000000004;-7.2315457499999996;-15.3553995;-8.95865175;-14.649810000000002;28.2621275;4.8954604999999995;49.4468;-26.4467225;-40.7646875;-17.334384999999997;-17.112812500000004;-38.9385475;-3.00887875;-1.1434973000000002;-0.6937059499999999;-0.8446629225;2.21367875;2.5887017500000002;1.0434930975;2.270908625;0.5945177575;-0.08851190000000009;1.0811177;1.361449725;0.9690627500000001;0.7380012499999999;-0.05617577499999993;0.553636625;-0.013464280000000002;0.44130295;-0.00673439375;2.9109944999999997;-0.048545685000000005;0.0010603982250000001;-3.03113615e-05;0.00774770575;0.00164037625;0.00053349905;-2.5233201475e-05;27.474735000000003;1.7109365;234.375;-8.5937515;411.45835;-15.104160750000002;434.895825;-5.729166750000001;460.9375;-7.81250125;4.81413675;0.026503694999999994;217069.02499999997;4799.058999999999;0.06520833000000001;-0.0007291660499999999;0.5234234375;-0.043951302500000004;0.78631895;-0.00177196585
'IITM_HMM_02089_73_bh.wav';0.0;0.0;0.0;0.03267776666666666;-0.0022549336666666665;0.0;0.0;0.0;0.0;-100.0;0.0;1.5225983333333332e-07;1.1141593333333334e-07;1.9005996666666666e-05;-5.1056976666666665e-06;-4.911609333333333;-8.96837;-9.439042333333333;-6.6859910000000005;-6.411850666666666;-4.326453;-2.2561696666666666;34.62515666666666;34.26659333333334;34.36536;24.830683333333337;12.714096666666668;6.185949333333333;-1.5641173333333331;-6.551149;-6.797447333333334;2.6391199000000003;1.4218670933333335;2.3375573333333333;3.748872666666667;1.8667446666666667;1.33312;0.29180389999999995;-3.990053;-4.268202333333334;1.6939735;-0.7528269666666666;-1.7594850199999998;-0.7156630033333333;1.858082666666667;1.7881066666666667;2.191057666666667;0.17477743333333337;-0.0011683906666666664;1.7493083333333335;0.1793379833333333;0.0003610791666666666;0.0013051027666666666;0.009737723666666667;0.0018301653333333333;0.0003342959333333334;-0.00010223661333333331;6553.466333333333;-1518.3733;145.83333333333334;-12.152777666666665;152.77776666666668;-7.638890333333333;177.08333333333334;-5.555556333333333;184.02776666666668;43.749988333333334;53.73135666666667;-7.378704666666667;6574.757666666667;38780.933333333334;0.023611113333333333;0.008638887999999999;0.0;0.0;0.692516;-0.0034246076666666664
'IITM_HMM_02089_74_i.wav';0.0;188.1537;0.3833116658333333;0.10079660000000001;-0.0032456338750000003;0.006346529666666666;-3.0713979666666657e-06;0.015223656666666667;-0.00012426870583333335;-0.08023975000000287;0.11579038331666668;1.7712895166666666e-05;-8.929545000000001e-08;0.004594549608333334;-3.662848333333335e-05;-13.411187499999999;-19.68468;-1.6850029416666672;-11.852492500000002;-25.790947749999997;-9.419355666666666;-13.669085083333334;28.899937500000004;27.2397375;47.163578333333334;-16.95363275;-13.927334333333333;-4.562791916666667;-44.50214666666667;-27.663654999999995;-8.608929158333336;0.3769597000000002;0.4636531499999999;1.0397730958333333;-0.3986921833333333;-0.4463939166666664;0.28233534000000016;-0.002170419166666604;-0.49624138916666677;0.06353010833333328;0.17481267500000008;-1.7404598333333325;-1.1972651250166668;-0.5981026874999998;-1.6591435583333334;0.38402923333333333;0.963445375;0.2651590833333334;0.007833978666666666;2.0126039166666665;0.07906272083333334;0.00046831106666666666;0.00023153747075000002;0.03482375583333334;-0.0003609751666666668;0.004401166858333334;-0.00010850943166666666;499.42395833333336;-76.08804099999999;205.72916666666666;2.6041665;222.22222499999998;5.555556250000001;245.65972499999998;8.07291675;307.2916666666667;11.892360833333333;17.234098333333336;-1.27988648725;30266.13258333333;7549.730491666666;0.03125000083333333;-0.0003125000083333334;0.24007983999999996;-0.009059882541666666;0.6510512416666666;-0.00016910284333333336
'IITM_HMM_02089_76_f.wav';0.0;0.0;0.0;0.02251013777777778;-0.0014901517333333332;0.0;0.0;0.0;0.0;-100.0;0.0;7.844976222222223e-07;-2.2960198899999998e-07;1.3652688466666667e-06;2.1869099111111103e-07;7.598428222222221;-6.276851122222222;0.46783811111111046;-1.3365061888888892;-0.5742358333333335;-3.200004611111111;2.6833701111111115;7.849680199999999;6.366230755555554;7.018913058888888;15.714447444444444;10.879108666666667;10.831959333333334;1.0053218888888888;13.033563444444445;9.528485333333334;-0.3453402111111111;1.2910396555555557;1.9702990777777778;0.5085826777777779;-0.04418182333333339;0.32897595;0.5993437222222222;-1.9416463000000002;-1.3816632222222225;-0.8016051666666668;-1.684057177777778;-1.8703657666666667;-2.169149755555556;-1.1753207566666666;-1.4518268843444444;-1.2678040333333334;1.0198327555555557;0.06171302888888887;4.898178888888889;0.3046882788888889;0.17957497833333336;0.01315836688888889;0.004663691944444445;-0.0007689141333333334;3.9411312500000004e-05;-2.1649051025555555e-05;162.55904744444445;-64.66472879999998;93.75000666666666;2.546297333333334;795.1387666666667;46.180566666666664;2282.4074444444445;112.50003333333332;4239.583366666667;268.40273333333323;5.913334366666666;-1.5516629388888887;3962843.044444444;209260.6555555556;0.18546296333333334;0.013481482333333336;0.0;0.0;0.0;0.0
'IITM_HMM_02089_77_s.wav';0.0;0.0;0.0;0.025848588;0.000264951628;0.0;0.0;0.0;0.0;-100.0;0.0;3.4748088e-07;2.0682394354000003e-08;1.81535816e-07;-6.084343e-08;0.004075319999999927;7.007021;-0.7537742000000005;-10.649407800000002;-6.516361800000001;-2.97041634;4.638209000000001;-17.980528200000002;20.655146000000002;-3.5768804000000003;21.59771;0.16073239999999983;0.4900369000000001;11.2299004;1.1323735000000001;4.2922528;1.7939791999999997;0.03474069599999999;3.7095329999999995;2.7990180000000002;0.6375314040000001;0.1422064;0.81227652;-2.17191292;-2.08783252;-2.4387002000000004;-4.037020199999999;-3.32132846;-3.85582;1.0302023400000002;1.8350138999999999;1.1916006199999998;3.6482889999999997;0.32902604;5.6833398;0.25711923999999997;0.12252292000000001;0.017617504;0.0019319212;7.682282e-05;3.3970370000000002e-06;-1.2383781199999998e-07;8.163197400000001;0.36833459999999996;4587.5;563.74992;4954.1666;710.41668;6172.916800000001;564.7916499999999;7264.5834;33.125019800000004;-1.4415523700000001;-0.31353934;2782641.8;-590220.36;0.64833334;0.039716673999999993;0.0;0.0;0.0;0.0
'IITM_HMM_02089_78_o.wav';0.0;179.7619;-0.7251542599999999;0.109447586;0.0007521535999999995;0.07331552;0.0;0.046291556;-0.0007072058;12.661028199999999;0.5267635719999999;2.4519525999999996e-05;9.751621999999999e-07;0.0020034432000000002;5.4372259999999985e-05;6.1355168;-4.182789499999999;-9.578414599999999;-8.674683599999998;-8.4914342;-0.86077818;-5.691775;46.21842399999999;18.806500000000003;3.580594;-9.680639600000001;7.352763;-12.092230999999998;-38.43669;-13.741341199999999;1.3778611600000001;2.02590554;2.8163676;2.2177037260000003;-0.5366595799999999;-1.0840447000000002;-0.20306672400000006;0.14656326000000003;1.22414754;1.2507333200000001;0.697210306;0.55345088;1.7875682999999998;2.6108746;1.64590186;-1.5556665000000003;-0.80624948;0.31277662;-0.012915917800000001;2.8595516;-0.052624884;0.00048003888;-0.00011909408199999999;0.01785869;0.0008432157999999999;0.0016883458800000001;0.00013536396999999997;150.92682000000002;-7.185560000000001;191.66666;-6.8749994;218.75;-8.5416674;381.25;-12.0833348;406.25;-10.0000022;5.9920396;-0.36978405999999997;21024.156;-1677.718;0.0405;-0.007416666400000001;0.494603834;-0.033495251399999995;0.78920028;-0.00013311998800000002
'IITM_HMM_02089_79_s.wav';0.0;0.0;0.0;0.02913103;-0.0008904612774999999;0.0;0.0;0.0;0.0;-100.0;0.0;4.5300157500000004e-07;5.7699923875e-08;1.8458588600000002e-06;-1.0473632125000002e-06;-5.9773817000000005;6.760684275;6.596676;-1.7441590375;-6.3832231625;-8.821558;6.395254;-14.5408861625;24.477985000000004;0.637656125;27.19075625;-1.2461625500000002;-1.6902504124999995;8.1862070875;5.052892125;2.054976925;1.0749472;1.9483671875000004;0.24373913875;2.1453344999999997;0.7923869499999999;1.694459825;0.45464179375;-3.1997835749999997;-3.44185125;-3.0390413500000006;-2.7339105125;-3.9164214999999998;0.522019775;1.10997498375;1.2509671375;-1.2654398437499998;3.45394075;0.41608695125;4.826976875;0.41536283249999995;0.07512674374999999;0.02144180675;0.005804206500000001;-0.0008855757475000001;3.6650077e-05;-1.8784294800000002e-05;88.84435162500002;-46.5490258375;4460.9373749999995;516.53638125;5070.3125;713.2812000000001;5457.0313375000005;791.5364814999999;6220.052;608.4635438749999;1.4175918000000003;-2.13192956875;1675080.375;264918.77375;0.635833325;0.053135426374999996;0.0;0.0;0.0;0.0
'IITM_HMM_02089_81_u.wav';0.0;163.44132;-0.61332984;0.05853009;0.007951786;0.08498955999999999;0.0;0.08185077999999998;0.00021387082000000001;4.741377;0.22111038;9.338389199999998e-07;3.2080235999999995e-07;0.000276150108;9.805171e-05;-10.7033004;-3.4879993999999996;0.84473088;1.57836792;-4.647859;-6.0234322;-8.118656999999999;47.61607;29.946308;4.7862637999999995;-10.2662672;-2.342105;8.97745;1.6447752000000002;-7.109821800000001;-14.949519999999998;-0.3255619199999999;0.13865783999999998;0.368534388;-0.12625242000000003;0.32838876139999995;0.8607365399999999;-0.59799018;1.9573534999999995;0.82254816;0.37027946;-1.179663536;-0.3273001400000001;0.44170484199999993;1.5812462200000001;2.2078508;0.7303641799999999;0.24319308;-0.006106277619999998;2.7597916;-0.13766069860000002;0.0006068448000000001;-0.00025653149000000005;0.0138913118;0.0005522070399999998;0.000495385648;0.000131451608;277.52353999999997;-52.71983399999999;156.25;0.0;187.5;-8.5416674;233.33334;-7.083334200000001;364.58332;2.4999981999999994;8.5307824;-1.39740836;17960.859999999997;-2412.6560600000003;0.039500002;-0.009083334;0.5772976799999999;-0.0035943266800000004;0.76770534;0.0004987507600000001
'IITM_HMM_02089_82_A.wav';0.0;60.439766666666664;-0.06763852666666667;0.06160600166666667;-0.0082782085;0.0;0.0;0.0;0.0;-21.53748;0.09884804366666666;9.573162166666666e-06;-2.1063721666666665e-06;7.012557233333334e-05;-2.566250766666667e-05;-16.342800333333333;-17.511018333333336;8.812809333333334;8.651748;-4.604912666666666;2.250912833333333;1.4219213666666668;43.08240333333333;5.689316833333334;4.031664833333333;4.050542;30.432125000000003;24.142736666666664;-10.332784166666666;16.12823;15.525663333333334;-2.0768974166666663;-0.47320906999999995;0.8272257666666666;1.9262557500000002;-0.08213789166666668;-1.6533140166666669;1.1860773833333333;-1.9237520666666665;-1.3732824166666668;0.5237873500000001;3.2299286666666664;2.132779983333333;1.21875245;-1.0029659333333334;-0.21121358833333334;0.23541741666666668;0.1836361833333333;-0.00031385416666666774;2.4502615000000003;0.02327667166666667;0.0008072338;0.00038909722666666664;0.006803724666666667;0.0005565664999999998;0.0002741725466666667;-7.624385166666667e-05;77.26346833333334;-1.1958824999999995;109.375;-5.208333333333333;123.26388333333334;-1.3888885000000002;140.625;-1.562499333333333;282.9861;-6.076385000000006;6.1650065000000005;0.05492163333333331;46901.53833333333;13046.115783333333;0.03138888833333333;0.0014444447366666667;0.012801576666666667;0.0;0.37220036666666667;-4.587499e-05
