name;frameTime;F0final_sma;F0final_sma_de;audspec_lengthL1norm_sma;audspec_lengthL1norm_sma_de;jitterDDP_sma;jitterDDP_sma_de;jitterLocal_sma;jitterLocal_sma_de;logHNR_sma;logHNR_sma_de;pcm_fftMag_fband1000-4000_sma;pcm_fftMag_fband1000-4000_sma_de;pcm_fftMag_fband250-650_sma;pcm_fftMag_fband250-650_sma_de;pcm_fftMag_mfcc_sma[10];pcm_fftMag_mfcc_sma[11];pcm_fftMag_mfcc_sma[12];pcm_fftMag_mfcc_sma[13];pcm_fftMag_mfcc_sma[14];pcm_fftMag_mfcc_sma[15];pcm_fftMag_mfcc_sma[16];pcm_fftMag_mfcc_sma[1];pcm_fftMag_mfcc_sma[2];pcm_fftMag_mfcc_sma[3];pcm_fftMag_mfcc_sma[4];pcm_fftMag_mfcc_sma[5];pcm_fftMag_mfcc_sma[6];pcm_fftMag_mfcc_sma[7];pcm_fftMag_mfcc_sma[8];pcm_fftMag_mfcc_sma[9];pcm_fftMag_mfcc_sma_de[10];pcm_fftMag_mfcc_sma_de[11];pcm_fftMag_mfcc_sma_de[12];pcm_fftMag_mfcc_sma_de[13];pcm_fftMag_mfcc_sma_de[14];pcm_fftMag_mfcc_sma_de[15];pcm_fftMag_mfcc_sma_de[16];pcm_fftMag_mfcc_sma_de[1];pcm_fftMag_mfcc_sma_de[2];pcm_fftMag_mfcc_sma_de[3];pcm_fftMag_mfcc_sma_de[4];pcm_fftMag_mfcc_sma_de[5];pcm_fftMag_mfcc_sma_de[6];pcm_fftMag_mfcc_sma_de[7];pcm_fftMag_mfcc_sma_de[8];pcm_fftMag_mfcc_sma_de[9];pcm_fftMag_psySharpness_sma;pcm_fftMag_psySharpness_sma_de;pcm_fftMag_spectralEntropy_sma;pcm_fftMag_spectralEntropy_sma_de;pcm_fftMag_spectralFlatness_sma;pcm_fftMag_spectralFlatness_sma_de;pcm_fftMag_spectralFlux_sma;pcm_fftMag_spectralFlux_sma_de;pcm_fftMag_spectralHarmonicity_sma;pcm_fftMag_spectralHarmonicity_sma_de;pcm_fftMag_spectralKurtosis_sma;pcm_fftMag_spectralKurtosis_sma_de;pcm_fftMag_spectralRollOff25.0_sma;pcm_fftMag_spectralRollOff25.0_sma_de;pcm_fftMag_spectralRollOff50.0_sma;pcm_fftMag_spectralRollOff50.0_sma_de;pcm_fftMag_spectralRollOff75.0_sma;pcm_fftMag_spectralRollOff75.0_sma_de;pcm_fftMag_spectralRollOff90.0_sma;pcm_fftMag_spectralRollOff90.0_sma_de;pcm_fftMag_spectralSkewness_sma;pcm_fftMag_spectralSkewness_sma_de;pcm_fftMag_spectralVariance_sma;pcm_fftMag_spectralVariance_sma_de;pcm_zcr_sma;pcm_zcr_sma_de;shimmerLocal_sma;shimmerLocal_sma_de;voicingFinalUnclipped_sma;voicingFinalUnclipped_sma_de
'IITM_HMM_02369_0_l.wav';0.0;194.7558;0.0;0.17787355;0.025839574999999997;0.0;0.0;0.0;0.0;2.851258;0.0;1.51491e-05;7.587522e-06;0.016034452;0.012273662999999999;-11.561575;1.10130755;2.222854071;-2.7928885;-1.454682;1.12537075;-12.682409999999999;36.25533;33.40314;37.031355000000005;11.075675;4.266139;-25.756455;-23.339435;-13.528234999999999;-33.08418;-0.90137075;0.5062989;2.4551334999999996;-0.8493907;-0.008907200000000004;1.9496574999999998;-1.3588755;0.64466725;0.17683598999999997;2.4101985;-1.0334244499999998;0.6519723500000001;-4.5845775;-1.8532475;2.269068;-1.8934799999999998;0.2422144;0.005841820000000001;2.233237;0.012137723999999999;0.0002518994;-5.4795975e-05;0.07294607;0.015442085000000001;0.025442660000000002;0.015715455;916.02795;-174.469;187.5;0.0;187.5;3.6458335;218.75;15.625000499999999;375.0;3.6458325;17.0365;-2.5202099999999996;7780.5275;395.19795;0.025;0.0003333334;0.0;0.0;0.8048369000000001;0.0
'IITM_HMM_02369_1_A.wav';0.0;209.3808333333333;0.15498618444444442;1.7130091111111112;0.03681271222222223;0.0045648623333333326;-1.8357494777777777e-05;0.0066883129999999996;-4.779117555555555e-05;17.30883777777778;0.02898743711111111;0.32080902000000006;0.041188116222222224;1.113024611111111;0.06697365777777778;-34.97072777777778;-21.28865;0.6663604666666664;-12.161178888888891;-18.792544444444445;-6.658852777777778;-9.771889222222221;46.98180666666667;-7.616335444444445;-6.882993568777779;-11.742742111111111;2.6458163333333338;-0.5703738888888894;-9.821540666666667;6.233402222222221;-12.957593666666668;0.3679543777777778;-0.14058266666666666;-1.6017474466666668;-0.9285894333333334;-0.7828954888888889;-0.6476540433333333;0.14138249999999986;1.0914101444444446;-0.37376604444444433;-1.5942497666666666;1.8843614773333333;3.833421333333333;2.6825465666666664;-1.7875935222222223;-2.984710888888889;-0.5231418166666667;0.4296060111111111;-0.01324953933333333;3.2035592222222227;-0.11487914155555555;0.0007885978666666666;-0.00015232855222222224;0.5026114;0.034161800000000006;2.9647643777777777;0.2539788766666667;14.69391311111111;1.1414580666666667;194.44444444444446;-2.6620367777777774;277.77776666666665;-20.601852222222224;679.3981444444445;-31.36573266666667;799.7685222222221;-17.59258688888889;2.038490111111111;0.09602146555555556;95682.63555555555;-2116.4354444444443;0.055833332222222226;-0.001416666311111111;0.15332034;-0.001978979628888889;0.8322720444444444;-0.0001820074132222222
'IITM_HMM_02369_2_kh.wav';0.0;0.0;0.0;0.012646611857142859;-0.0009453137571428571;0.0;0.0;0.0;0.0;-100.0;0.0;2.5391234714285715e-07;-1.2099752857142859e-08;8.645841768571426e-07;-4.845175114285714e-07;13.254704857142857;-1.7757238857142863;9.584287142857145;-1.1342474285714286;-1.88839072;-4.157797885714285;0.7068675428571429;10.631840142857142;-0.3590535285714284;-10.272571857142859;-2.154702142857143;15.14478585714286;6.6664512857142855;4.071214842857143;1.430256142857143;5.193193571428572;4.493318285714286;2.572268142857143;3.212785214285714;-0.434577;0.8688877571428574;1.6919935142857143;0.31814632571428575;-0.8639323714285714;-0.9709375857142858;-4.5963534;-2.772776285714286;1.2727498857142854;2.1974223428571427;1.6599109857142855;-0.36612355714285716;0.3794823942857143;0.8327482857142857;0.055033710000000007;10.657598000000004;-0.3444146142857141;0.12436246428571426;-0.0007920657142857149;0.0009449830571428571;-0.00014744579285714288;5.2097708e-07;-2.436721292857143e-07;28.506249857142855;-7.713862157142856;447.9166714285714;37.946422857142856;767.8571857142857;81.10121285714284;1087.7976714285712;87.35118857142858;2075.8928142857144;29.017828571428577;3.9229242857142856;-0.43577371428571426;1518845.4714285715;56051.91857142857;0.3185714428571429;-0.01973809857142857;0.0;0.0;0.0;0.0
'IITM_HMM_02369_3_onas.wav';0.0;237.89034999999998;0.112292035;0.7994436749999999;0.08068403824999998;0.0027763560375;-4.980843375e-05;0.00653509025;-7.7951013125e-05;9.384011375;0.10996127875;0.00533445618375;0.0003510121124999999;7.083890745;1.170889125;-17.926375125;-17.151282375;-17.97192125;-19.8320175;-20.20623;-17.895635000000002;-12.949438250000002;37.34770875;28.12718375;15.92635125;0.18162825000000005;-15.06692975;-24.26045875;-27.984270000000002;-25.551052499999997;-21.79797875;-1.9801035;-1.6929386875;-1.350528575;-0.9511719000000001;-0.46150477500000003;-0.1290099125;0.07594198749999992;-0.7638334212500001;0.26609375;1.130266175;1.3970195250000002;0.6455742;-0.47930580000000006;-1.4573293250000001;-2.0234638499999997;-2.0798496250000005;0.27071225;-0.0034912850700000004;1.8804760000000003;-0.106025510375;0.00072488446125;-9.0408028625e-05;0.96734115;0.1303580225;4.1938959975;0.7408182750000001;3223.2644750000004;803.4160375;218.75;0.0;242.1875;0.6510419999999998;253.90625;-2.343750625;291.66666250000003;-16.015625625;33.862047499999996;5.024782;7589.643125;-1287.4392375;0.03;-0.00015625013125;0.3420513375;-0.007356294125;0.7923233250000001;-0.00016220236875000006
'IITM_HMM_02369_4_l.wav';0.0;65.97882;0.006441787333333333;0.06053855;-0.0017025343333333335;0.0;0.0;0.0;0.0;11.153036666666665;-6.855805666666667e-05;6.51739e-07;-1.7645233333333334e-07;0.00039886270000000007;8.289527666666665e-05;-21.56452;-6.760421666666667;5.090604333333332;-6.143853;-5.797643999999999;-3.228878033333333;-12.67479;37.94341333333333;32.58204666666666;36.597033333333336;15.30785;-3.0014268666666664;-18.75298666666667;-29.35522333333334;-17.44241;-17.809313333333332;-2.1630939999999996;0.5574343366666666;3.5128350000000004;-0.009365210000000004;0.3622919;1.8662286666666665;-0.43871489999999996;1.5418376666666667;0.5535676333333334;3.1380840000000005;-1.1003856;-2.963366;-4.496951666666667;-3.8989783333333334;2.312426;1.8424162666666668;0.23801483333333331;0.009706530666666666;1.926152;0.12694006;0.00018645050000000004;-6.641822666666666e-05;0.006095295;0.0008161629333333333;0.001473431;-1.6561576e-05;1431.8478000000002;-571.7481333333334;187.5;0.0;190.97223333333332;5.208333333333333;222.22223333333332;8.680555666666667;291.6667;42.708326666666665;20.229422333333332;-6.972671000000001;5855.917666666667;743.9880333333334;0.025000000000000005;0.0004166665;0.7393104;0.0;0.7239447666666666;1.0856560333333332e-07
'IITM_HMM_02369_5_o.wav';0.0;185.03489999999996;-0.4276291870000001;0.10380896499999999;-0.008668998800000001;0.0059208877;8.740783300000002e-05;0.0131123246;0.00016383236600000001;19.804953;0.050089373999999985;5.2127201e-06;-5.1783502e-07;0.00470965618;-0.00082291627;-4.44774667;1.4244258000000007;-0.6069082000000003;-5.965893000000001;-7.0262207000000005;-4.477948100000001;-5.203394900000001;46.37508699999999;28.217548;3.6953900999999996;-12.951709500000002;-12.6110129;-11.74184773;-22.186007999999998;-20.317406;-12.428906600000001;0.9115088659999999;2.51318692;1.7359144260000001;0.5218423299999999;-0.568429806;-0.8320204;0.14860978;0.3358681359;0.8888074570000001;0.16684000900000004;0.269304739;1.32049103;2.34702871;1.6958776499999995;0.003918000000000044;-0.7799400300000002;0.34460455;-0.009225668319999998;2.6776938999999995;0.021704183999999998;0.00028172469;-6.585676884999997e-06;0.0173204537;-0.00019027562999999976;0.0034531832500000006;-0.0005999575050000001;236.54523000000003;-0.6897109700000001;203.125;-5.5208343;356.25;-18.958333500000002;386.45833000000005;-7.8125005000000005;421.875;-1.4583332999999996;5.403096799999999;0.091224126;14156.397999999997;167.37589499999999;0.045000001;-0.0020000000600000002;0.13327589599999995;-0.002711691367;0.80528981;-0.0005806801187999999
'IITM_HMM_02369_9_m.wav';0.0;209.0565142857143;0.19259623714285715;0.16034752857142856;-0.02720321042857143;0.0018508854285714284;0.0;0.0029292099999999994;0.0;19.280057;0.01360152985714286;1.7496913571428566e-05;-5.615702585714287e-06;0.04611898472857142;-0.014515251142857141;-23.69413857142857;-24.818358571428572;-22.776655714285713;-16.993599999999997;-13.109593285714285;-11.675943714285713;-9.52658;37.46874714285714;30.696945714285715;26.986620000000006;22.673004285714285;13.874170000000001;2.4036853714285713;-9.472663571428571;-16.786445714285716;-21.984798571428573;1.75934934;1.8258006000000002;1.6278571857142856;1.6395923285714284;1.2967382;0.39113212571428563;-0.3190819;0.20209330571428566;-0.35379953142857146;-0.6827875414285715;-0.5096914457142857;-0.5574137857142857;-0.8312496314285713;-0.6998338371428571;-0.07562392000000003;0.9196887285714285;0.2282033857142857;-0.0012301600714285713;1.6731304285714284;0.017659450142857143;0.00022370188857142857;1.6696278142857146e-05;0.13989154857142858;0.0006447957142857135;0.19214115285714287;-0.06710547328571428;8599.427285714286;-999.8398771428571;187.5;0.0;209.82142857142858;-4.166666571428571;223.2143;0.2976191428571429;241.07142857142858;-4.166666571428571;56.38940857142857;-2.6100030000000003;2538.7201142857143;234.37030714285714;0.026785714285714284;-5.9523742857142884e-05;0.05126933857142857;-0.00011707125714285716;0.7583761142857143;-0.002150260748571429
'IITM_HMM_02369_10_m.wav';0.0;225.27028;0.13777658999999998;0.07267035;0.0067224438;0.0032869992;0.0;0.011760328;-6.520134e-05;21.217312;-0.41217223999999986;9.5483902e-07;1.7313082800000003e-07;0.00357621022;0.0012461803399999999;-14.219954000000001;-19.149086;-23.54053;-21.613476;-20.208178;-20.707902;-18.009487999999997;39.49825800000001;31.37208;20.886134000000002;11.373862399999998;-5.3170332;-21.242872;-30.477098;-26.186524000000002;-18.321836;-0.42100556000000006;-1.0264972799999998;-1.2268067400000002;-1.04585836;-0.56628434;-0.4871686200000001;-0.268369058;0.340010826;-0.007273989999999997;0.028919700000000013;-0.336721322;-0.9264316600000001;-2.01274898;-2.12203892;-1.3180128999999998;-0.180789024;0.24312583999999998;0.0024992319999999997;1.5843064;0.0022511208;9.385853800000001e-05;-1.01122676e-05;0.019925786999999997;0.0023822856599999996;0.0049159694;0.0012283959600000002;5336.09;170.088194;212.5;3.7499994;218.75;0.0;237.5;5.8333332;250.0;0.0;42.536393999999994;-0.220574082;1855.3867999999998;-166.104932;0.027500000000000004;0.00011666692000000001;0.131846976;0.00291361516;0.8098617599999999;0.00016749066599999995
'IITM_HMM_02369_11_enas.wav';0.0;78.98107333333333;0.015223820666666665;0.06647925666666667;0.0011921909;0.0;0.0;0.0;0.0;17.8275;-0.0005673823666666666;1.1076283333333333e-05;-1.1998245333333334e-06;0.0004112068;0.0001415396533333333;4.5775586666666666;-27.91159;-17.08179666666667;-16.854423333333333;-29.68161333333333;-26.366116666666667;-14.638986666666668;27.42571;7.099274000000001;43.79091666666667;-32.756949999999996;-48.44898333333333;-14.902540000000002;-20.65972;-34.41233666666667;-8.838;-0.49146511333333337;0.7913507333333335;0.007123876666666677;-0.057651566666666675;0.18817593333333335;-0.6334036333333334;-0.15054716666666665;0.7589857000000001;2.0911174999999997;0.46634549;0.09254963333333333;0.46079056;-2.155254333333333;-2.0709066666666667;-1.1591918666666665;-0.39095436666666666;0.36865796666666667;-0.007368919666666667;2.6031416666666667;-0.045990510000000005;0.0008791324333333334;-0.00014566672;0.0031659373999999994;0.0024739136666666666;0.00027023213333333333;8.626432333333333e-05;51.84518333333333;34.277488;218.75;0.0;250.0;-0.6944446666666666;468.75;-15.277776666666666;479.1666666666667;2.3333333333634223e-06;6.252893666666666;0.9376113;135572.69999999998;-22132.927333333337;0.07611111333333333;-0.005944448333333334;0.0;0.0;0.7330351666666667;-0.0004033308
'IITM_HMM_02369_12_p.wav';0.0;0.0;0.0;0.004264968833333333;-0.0006218955166666667;0.0;0.0;0.0;0.0;-100.0;0.0;2.723747271666667e-09;2.6794327333333332e-09;6.140719470333335e-08;-3.01835135e-08;-6.0725422333333325;-4.9165636;-2.2850130516666667;-3.102930166666667;-2.5035128666666666;-6.399678833333334;-2.4977248333333333;10.878919833333335;11.063323333333335;4.682858116666667;5.926121495;1.2145643666666668;-3.6160755166666667;-2.3829096599999997;-4.5164851666666666;-4.138954333333334;3.159599116666666;2.2440369;1.7098982333333332;1.6564465666666666;1.8943860000000001;1.3405229733333333;1.0746307833333333;-2.1730951666666667;-3.671512733333333;-2.943927666666666;-1.5960397543333336;-0.1342406383333334;1.4041243166666666;1.3018896333333334;1.2605921150000001;2.7013645;0.40894175000000005;0.009951701666666667;13.988652333333334;0.9727413333333335;0.08221572599999999;0.009080805833333332;0.00047000082500000005;-9.399343166666666e-05;2.883435413787334e-07;-1.6131191633333335e-07;152.93311883333334;-83.70703400000001;157.98611166666666;-15.625000499999999;243.05553833333332;-13.715276666666666;418.4027833333333;22.048619999999996;1362.8471666666667;141.14584333333335;7.002303716666667;-2.853038683333333;1226397.55;125400.675;0.63944445;0.09616667516666666;0.0;0.0;0.0;0.0
'IITM_HMM_02369_14_A.wav';0.0;174.84269999999998;-0.057808983999999994;0.14485748;0.0014377240999999999;0.0;0.0;0.0;0.0;17.318592000000002;0.0496517254;0.00020853214;4.47836e-06;0.00011175164;-3.4480748e-06;-24.341109999999997;-30.329708000000004;2.6634118600000005;3.5256556600000004;-9.640671600000001;-3.7052913999999992;2.47459372;44.100646000000005;-27.193114;6.102358000000001;-1.71244296;7.4702456;7.867039399999999;0.3990459860000001;11.552966199999998;-0.46544478;-0.9490537600000002;0.10847935;-0.6198201400000001;0.5451840399999999;-0.24942378599999998;0.26288847996;0.62009658;-0.35128296;0.76886066;-0.43294017999999995;-0.51202062;2.06074608;0.66265606;-0.34977514000000004;1.1890895400000001;-0.76174424;0.5995948799999999;-0.0045534757;4.134313999999999;-0.046664746;0.0014245412000000002;-8.6235e-06;0.003879471;0.00021588226800000002;0.00057704142;3.47055004e-05;4.883313;0.15128794599999998;187.5;0.0;645.8333399999999;-7.083328000000003;875.0;-2.9166666;1495.8331999999998;-59.791661;1.174093;0.0037453299999999994;255009.74000000005;-6341.958799999999;0.061666668;0.0014166674200000002;0.052516415999999996;0.0;0.8360790399999999;6.492282e-05
'IITM_HMM_02369_16_tBh.wav';0.0;0.0;0.0;0.004147179666666666;0.0015098438500000002;0.0;0.0;0.0;0.0;-100.0;0.0;1.7141666906666666e-08;2.6231680249999998e-08;9.269805183333333e-09;1.5656036933333335e-08;1.8985935000000003;1.9869154333333334;-0.2600579833333332;-2.41986255;-0.8673664016666667;2.9650698999999996;1.512943596666667;5.40893865;7.400037;6.120552833333334;0.9343046666666668;1.9002295;-0.2171845000000001;6.1569976833333335;3.7972569999999997;0.5259684833333333;1.602074166666667;2.4090995;1.8341080833333334;0.22632175000000007;-0.6570615566666665;1.4733874;0.853570305;-2.0570843666666665;-1.7827752500000003;-0.6863812316666668;-1.3518863666666665;-2.2709921833333335;-0.9631676333333337;1.1321691666666667;0.5626974166666666;0.031570433333333314;0.50419714;0.09488212;28.94222166666667;-2.5304708049999998;0.11801349833333334;0.024290803833333333;0.000197379335;0.00011713686216666667;2.3039471929999996e-08;1.4553093500000001e-08;24.4733557;-9.592077116666667;133.68055166666667;7.291664333333332;461.805545;70.65971166666667;1067.7083266666666;222.22221166666668;1727.4306833333333;475.00001833333334;2.9147041833333334;-0.851689833333333;1526447.1166666665;391596.91666666674;0.75375;-0.033180554999999994;0.0;0.0;0.0;0.0
'IITM_HMM_02369_18_nB.wav';0.0;189.2191;0.0;0.054755424999999996;-7.445124e-05;0.0;0.0;0.0;0.0;21.55666;0.0;4.782309e-07;-7.2279886e-09;0.00031732535000000004;2.6036e-05;-17.382215;-2.4696205;7.966234;-0.7869172999999999;-5.104608499999999;-4.5785815;-5.929434499999999;41.77837;32.53801;30.89087;23.354684999999996;-4.7468995;-26.62164;-16.721775;-9.930023;-18.81649;0.086104675;-0.46241170000000004;-1.1008035999999999;0.45582710000000004;0.67640535;-0.20541669999999998;-0.4282946999999999;0.87291325;-0.5158021500000001;0.08506354999999999;0.69889785;-1.602072;-2.704683;-0.7756513999999999;1.0994712500000001;-0.4471301;0.22698714999999997;0.004953926000000001;2.049057;0.04169686;0.00011873935;-1.645466e-05;0.0025529934999999997;0.0009399136500000001;0.0007768982999999999;3.746355e-05;840.65785;-163.2404;171.875;5.729165;187.5;0.0;203.125;5.729165;359.375;5.72917;13.28987;-2.0676864999999998;5806.639;285.55359999999996;0.02375;0.0007499997499999999;0.1139896;0.0;0.8024001000000001;0.0
'IITM_HMM_02369_19_A.wav';0.0;180.74630000000002;0.072740075;0.10674319999999998;0.000467001975;0.0;0.0;0.0125016225;5.748905e-12;22.671825000000002;0.2748792;7.9828745e-05;7.335635000000001e-06;0.0001024974475;-9.68667125e-06;-24.49469;-14.846435;-0.78445921;-12.442587500000002;-12.15670975;-3.52539975;-0.79581725;44.4450575;-12.1527925;7.16260475;-0.4686169000000001;23.335205;-6.911713499999999;-12.45282675;18.0861025;-7.5071952500000005;1.068961625;-1.67453225;-1.0045956249999999;0.20859732500000003;-2.29177675;-0.44709542500000005;-0.04273690000000001;-0.1144811375;0.055189177500000006;-0.8030467524999999;1.21792115;1.373217075;1.2754508;-2.1020369999999997;-0.6670134;1.673599325;0.32007012500000004;-0.00286117725;2.8757220000000006;-0.0671108025;0.0009313370749999999;-8.986897999999999e-05;0.0029162730000000005;0.00074917655;0.00044285654999999996;3.9640767499999996e-05;17.13072;-0.14521355000000002;164.0625;4.1666665;187.5;0.0;242.1875;-14.0625;750.0;-12.760417499999999;3.2519577500000003;0.004777194999999998;124511.3;454.14862500000004;0.0225;-0.00014583342499999998;0.12502027;-0.003636127;0.817189775;-0.00037011957499999995
'IITM_HMM_02369_20_gh.wav';0.0;0.0;0.0;0.019775681428571428;0.0013041426828571431;0.0;0.0;0.0;0.0;-100.0;0.0;3.3499529714285714e-07;1.0243737285714285e-07;1.2147506428571428e-06;-1.674645928571429e-07;9.437448285714286;1.022918428571429;7.852318857142856;-11.195702857142859;-8.743659285714287;-4.1061754285714285;-2.0189415;16.391142857142857;12.058389285714288;16.441380857142857;16.854134285714284;8.727443117142858;-8.679187285714285;11.255789000000002;8.448004385714285;-0.5193455342857144;0.5701827142857147;1.4222142857142857;1.3669675571428572;-1.4454280999999998;-0.8777581142857143;0.5439640285714286;-1.1507264714285714;-1.978312;-3.5674838571428573;-1.153055842857143;-2.0601805;-1.7715888571428569;-0.8150197142857145;1.8355294285714285;2.7410021571428564;0.01836675714285712;0.4926992571428571;0.03959498000000001;3.758389571428571;0.2836264285714285;0.06034312788571428;0.007523682714285713;0.002351254428571429;0.0003193081;1.0475808485714285e-05;-2.953072028571429e-06;1110.6768614285716;-524.6801428571429;169.64285714285714;1.0416670000000008;270.8333285714286;6.101188571428573;653.2737714285714;45.238099999999996;1558.0357571428572;167.11311142857147;17.269165142857144;-6.2388483571428575;1067772.1662857144;134993.35714285716;0.11785713857142856;0.017095239;0.0;0.0;0.0;0.0
'IITM_HMM_02369_22_9r.wav';0.0;169.5158;0.0;0.09876939500000001;-0.0108580915;0.0;0.0;0.0;0.0;22.240634999999997;0.0;2.3461505e-05;-5.227451499999999e-06;0.0002121267;-3.369327e-05;-13.922055;-17.279775;4.9455785;-17.785685;-15.369429999999998;8.760413;-2.6499645000000003;43.324434999999994;-2.9344856;21.340490000000003;-2.2048425;-9.522081;-13.600950000000001;12.755120000000002;15.879865000000002;-3.9631380000000003;-0.00536151;2.160492;1.0001049999999998;2.0054685;0.2409039;-0.89366905;1.0559989;-0.5502204999999999;3.565957;0.15383099;3.3806549999999995;-0.5388507499999999;0.7515033499999999;-2.0628275;1.7062205000000001;3.3110850000000003;0.28282405;-0.01689086;2.8021944999999997;-0.0864622;0.0009962929;-5.2807624999999994e-05;0.0063639515;0.0022294435;0.00064748515;-0.000141276;49.131145000000004;39.59025;156.25;0.0;182.29165;-6.770833;244.79165;-9.8958315;572.91665;-59.375;5.214243;1.1202220999999999;67812.75;-9591.766;0.02083333;-8.333344999999999e-05;0.0;0.0;0.7600081999999999;0.0
'IITM_HMM_02369_23_o.wav';0.0;153.06035;-0.649831525;0.0547026075;-0.002508683925;0.0;0.0;0.0;0.0;20.805300000000003;0.1839194075;2.3187165e-06;-2.936719725e-07;0.0001527408;-5.06417475e-06;6.02386775;-3.9238540000000004;-5.4142114999999995;-5.0620355;-2.3475659999999996;-2.72113;-6.89818975;49.224427500000004;20.175892499999996;2.82044445;-2.110371525;2.2370273000000003;2.957143275;-14.404937749999998;-9.599782;9.558967500000001;2.07173425;4.5016715;2.623518775;0.11978254999999993;-0.72815775;0.15974316000000005;0.23885062750000002;-0.11683224749999999;3.7530367499999997;-1.296193875;-3.2318687499999994;0.73706535;1.34934725;2.92288175;0.5990396250000001;-2.64989375;0.247834175;0.000591325;2.70277075;0.05420950749999999;0.00031917235;-3.43999e-06;0.0049965405;0.00110691625;0.000199884675;-1.2136087975e-05;132.554375;0.9798935500000001;153.645825;-3.90625;171.875;-6.770833;265.625;9.895835000000002;411.458325;21.093751750000003;5.6282024999999996;-0.3117121;19988.8325;741.503575;0.03166667;0.0022291669999999998;0.1126005;0.0;0.766759;0.000168392575
'IITM_HMM_02369_25_i.wav';0.0;0.0;0.0;0.034510990000000005;0.0005609978;0.0;0.0;0.0;0.0;-100.0;0.0;1.8547645e-06;1.03430805e-07;6.385540500000001e-05;8.0051955e-07;-8.3405685;-20.1271;-1.8889626149999998;-22.057485;-35.61839;-14.004475;-17.469725;19.72078;29.10367;54.620915000000004;-26.37015;-14.71769;-4.058549;-51.29102;-26.190135;-3.863194;-0.6566698500000001;-1.768894;-0.9101878000000001;0.28703185499999995;0.6194588;0.39657359;-1.2811029999999999;0.2712021;-1.4319705;-0.6396606499999999;0.6708321500000001;-0.5012074;0.37954235000000003;0.277165575;-0.43163615;-0.9781162000000001;0.27275465;-0.0010262223500000001;2.0315065;-0.03064798;0.0006352242500000001;4.0766835e-05;0.001218433;0.00045611884999999995;5.58604e-05;3.640425e-06;107.6335;0.2826949999999999;218.75;-3.6458335;218.75;0.0;250.0;-3.6458335;250.0;0.0;9.8653615;0.0074841499999999984;93902.20999999999;-737.5269499999999;0.051250005;-0.0090000015;0.0;0.0;0.0;0.0
'IITM_HMM_02369_26_dB.wav';0.0;0.0;0.0;0.016517556666666666;-0.0008720783000000001;0.0;0.0;0.0;0.0;-100.0;0.0;1.7495156666666667e-08;-1.470788e-09;7.154991999999999e-07;-1.5749156666666666e-07;-7.7983856666666655;-12.242220000000001;-12.657169999999999;-13.651919999999999;-13.783346666666667;-11.684980000000001;-6.286072999999999;29.771320000000003;37.66465333333334;33.62433333333333;24.95896666666667;12.290913333333334;5.199840000000001;-1.4281325666666669;-5.846303666666667;-8.196841666666668;-0.2650225666666666;-0.0030077499999999944;-0.3361611566666667;0.7494402333333333;1.7290565333333336;-0.0504021333333333;1.0721510666666665;-1.0472548999999998;-0.0008533666666666606;0.35323623333333337;1.175673566666667;0.8941816666666668;1.1468500333333334;0.8909647333333334;0.2312118666666667;0.7951814;0.18872193333333334;-0.0028622533333333335;1.5530426666666666;-0.0011181039999999998;0.00020464953333333333;3.297320666666667e-05;0.0013932588333333332;0.00027744673333333333;3.640300333333334e-05;-5.669484333333333e-06;7553.703333333334;-587.8222;156.25;0.0;177.08333333333334;-7.291666333333333;187.5;0.0;197.91666666666666;-5.555554333333333;75.09746000000001;-2.1566136;3698.309333333333;634.4375333333334;0.021666666666666667;-0.00038888900000000006;0.0;0.0;0.0;0.0
'IITM_HMM_02369_27_i.wav';0.0;198.07135714285712;0.022307582285714285;0.11162521571428573;0.006623681571428571;0.001996057857142857;-3.139778e-06;0.003671572571428572;-8.357176714285714e-05;15.902664285714286;0.2207950214285714;2.4015850857142856e-05;1.9024715714285715e-06;0.005297935500000001;0.0007207229571428573;4.191663571428571;-23.02566285714286;16.78601714285714;7.533125714285715;-13.12687142857143;-0.3506270285714286;-12.349241428571428;32.436411428571425;37.48449285714286;78.08249714285714;-16.68273;-15.890807142857145;-6.173389428571428;-50.75641142857143;-38.408;-7.720589571428571;0.11423585714285711;-0.5296780428571427;0.9710970714285712;0.17465965714285714;-0.42022325714285713;-0.21811485714285708;0.06996712142857142;0.8515084142857142;1.1551254571428569;2.246714914285714;-0.5976134999999998;-0.5891698;-0.8554122571428572;-1.798382942857143;0.4610490428571429;0.21299358114285713;0.27696257142857145;0.00045635808571428563;2.403991714285714;-0.010612496857142857;0.0001167521485714286;-4.1808789285714284e-05;0.024246829999999997;0.002158301985714286;0.0078925365;0.0013210493885714282;247.09572857142857;2.640941485714286;187.5;0.0;218.75;-1.0416667142857143;355.6547571428572;8.482143142857144;401.7857142857143;2.678572142857143;12.259158571428571;-0.28556774285714287;22691.864285714284;-1947.8563142857145;0.03095238;0.000738095242857143;0.1158922;-0.0018150134285714286;0.8112247857142858;8.133444285714292e-05
'IITM_HMM_02369_28_v.wav';0.0;185.665375;0.046974774250000004;0.0457430175;0.013356563;0.0;0.0;0.0;0.0;26.045444999999997;0.21469039999999998;7.82119375e-06;1.336066275e-05;8.09788525e-05;5.29589775e-05;4.9753495;-15.55361825;-13.542254999999999;-7.9488345;-11.760235000000002;-3.3226640250000004;-5.28083225;42.713025;21.636165249999998;10.82179165;5.79084175;10.332248;-4.29043675;-25.097234999999998;-11.03731075;8.522073500000001;0.751314975;-5.5392925;-1.0234723250000002;-0.14602046749999992;0.7148161249999999;1.2053157749999999;-0.023301762500000003;1.6492685;-6.5228375000000005;-5.29347625;-5.839467;-0.10159639999999998;-0.4405732;-1.40980675;1.9062725;5.080324750000001;0.2481727;0.0380457275;2.23422475;0.32427455;0.000310275475;9.022755e-05;0.0041901961500000005;0.0015896905000000001;0.0001492637725;6.94066875e-05;1659.483625;-743.8431;171.875;6.770833;190.104175;3.90625;257.812525;61.9791575;348.95835;117.70833;22.004710250000002;-7.922674;23973.2605;19125.851;0.02375;0.0033750003500000003;0.0;0.0;0.821102275;0.001073269925
'IITM_HMM_02369_29_A.wav';0.0;92.02888666666666;0.025442443333333332;0.1562691;0.003445990333333334;0.0;0.0;0.0;0.0;21.721213333333335;-0.0006916000666666667;0.00029001326666666666;-9.586453333333333e-07;0.00017818486666666667;6.105480333333333e-06;-20.136693333333334;-39.64747;-4.119708999999999;6.350389333333333;-9.177222666666667;-4.274943333333333;-1.4464460000000001;43.88224333333333;-20.60703;3.4064080000000003;-14.252500000000003;21.922410000000003;4.760228666666666;-16.160513333333334;9.933939;8.136806333333332;-1.846683333333333;1.4732332666666668;1.2889955333333332;-0.6128888806666666;-0.8798029333333334;-0.20330124000000002;0.18364677666666665;-0.11676662;-0.6261493;0.6675874;0.6221418333333334;-1.1375382333333333;-0.09617273333333332;1.4468256333333336;0.7145421333333334;-2.0596200000000002;0.5689797;-0.004060045666666666;3.969488666666667;-0.011251204666666667;0.0010352356666666668;3.119667546666667e-05;0.004334537666666667;0.001306583;0.0008352515333333333;6.409792333333333e-05;5.716577;0.22894019999999995;187.5;0.0;489.5833;-8.680559;885.4166666666666;2.083329333333333;1447.9166666666667;-22.91667;1.2670923333333333;0.04616916000000001;234202.06666666665;-1753.9980000000003;0.06694444333333333;-5.5557008352700005e-05;0.0475738;0.0;0.7457440000000001;-2.7480463333333334e-05
'IITM_HMM_02369_31_o.wav';0.0;152.53582;-0.77424022;0.054029476;-0.00300743554;0.0052680242000000006;3.7783736e-05;0.016155584;0.00012423616;23.961622;0.199954956;1.98467424e-06;-3.2263069e-07;0.00016761239999999998;-1.3265112200000002e-05;4.0519012000000005;-2.1469818000000003;-1.4220834;-4.7982588;-3.7325026;-3.4274478000000004;-7.4580644;49.395191999999994;23.122896000000004;2.71564562;-2.8120488000000003;3.7613088600000006;2.6013588400000005;-15.361591399999998;-8.718543399999998;6.238727459999999;0.5074713999999999;4.014104000000001;2.5439527600000003;0.35308628;-0.549361;0.60603546;0.5388199;-0.53665416;2.774543;-0.13756804000000003;-2.35697288;-0.31952075999999996;1.31089346;3.03985846;1.3400585799999998;-1.9245740259999997;0.2441629;-0.00058090976;2.666578;0.047964856;0.00030074248000000004;2.87276868e-05;0.0054960672;0.00078887312;0.0002251289;-2.19188188e-05;155.46535999999998;7.834576200000001;154.16666;-3.125;168.75;-5.8333332;243.75;13.750001000000001;393.75;13.3333306;5.8396028;-0.03351620000000002;17803.564000000002;848.1827999999999;0.030666666;0.00131666696;0.062184092;-0.00041881245999999997;0.7713433000000001;-6.1635160000000025e-06
'IITM_HMM_02369_34_tBh.wav';0.0;0.0;0.0;0.015931450666666666;-0.0011142721666666674;0.0;0.0;0.0;0.0;-100.0;0.0;2.927233483333333e-07;3.3639153333333346e-08;5.671719408333333e-06;-3.1921528333333333e-06;-5.498798333333332;4.431024499999999;-4.2313608;-6.056355216666668;-5.225789883333333;-0.1893202833333333;-1.7372641333333334;10.792027333333332;9.63548;8.088837666666667;8.107584;2.2156977666666666;7.2172095;9.986187666666666;5.536940666666666;2.0496676;1.4602665166666666;5.565561333333334;4.061945166666667;1.5573336133333335;0.7106076166666666;1.1379537333333334;-0.4899044383333333;-2.4028520000000007;-2.127109388333333;-1.09270525;-0.8826978316666668;0.29983578333333333;0.6903847166666667;2.4368594333333338;2.5821694833333333;1.5843493166666667;0.4289410666666667;0.033364131666666665;11.695211333333333;0.67918515;0.08514222633333335;0.010043235;0.003939465016666667;-0.0007458928900000001;1.3455986738333334e-05;-7.633439666666667e-06;156.88097333333334;-82.35718008333333;85.06944;-14.930555666666665;135.41667333333334;-14.236109999999998;682.2916166666668;45.312485;1628.4722666666667;194.2708333333333;7.0116724999999995;-2.3411893833333335;1526045.7566666666;222345.7833333333;0.5258333166666667;-0.042125005;0.0;0.0;0.0;0.0
'IITM_HMM_02369_35_A.wav';0.0;222.9937;0.0;0.16457345;0.044811095;0.0;0.0;0.0;0.0;6.918516;0.0;0.0001968607;8.4476575e-05;0.011712246;0.040010659999999997;-32.582335;-25.07791;-8.1472075;-18.242535;-24.756275;-11.1823485;-4.3144445000000005;41.00726;-3.8399502;-0.48507495;2.2752076;12.481855;-7.8696275;-23.78791;-1.88570465;-14.548070000000001;-1.7785325;-1.3417270000000001;-1.372099;-0.39587574999999997;-0.72617635;-1.823363;-0.41464565;-0.27797452500000003;5.1291755000000006;2.2302555;3.2761875;-2.405996;-3.520539;-1.0225232499999999;-2.5434915;-0.8299941000000001;0.302168;-0.017802395;2.4463535;-0.25565235000000003;0.0009573259000000001;-0.00016971424999999999;0.081530355;0.084025845;0.019155361000000003;0.035676135;191.49285;482.1055;218.75;0.0;218.75;0.0;250.0;0.0;484.375;-85.9375;8.607224500000001;6.2598185;60845.735;-18521.475;0.074583335;-0.015125;0.0;0.0;0.8031944999999999;0.0
'IITM_HMM_02369_36_bh.wav';0.0;0.0;0.0;0.016188876666666668;-0.0011539475333333332;0.0;0.0;0.0;0.0;-100.0;0.0;2.260172e-08;1.5471809999999997e-08;5.451117000000001e-07;-1.2234266666666668e-07;-2.828371333333333;-11.956988666666668;-13.688996000000001;-13.453992;-10.697278666666667;-5.570002;-3.0604739999999997;29.766483333333337;36.805366666666664;30.831706666666665;26.061846666666668;15.712893333333335;5.912849666666666;-4.067104666666666;-0.4168701666666666;-1.7956712666666668;1.3866151333333334;4.050492333333334;5.5412083333333335;5.373872333333334;1.7559024666666667;1.5400929666666665;0.07737473666666667;-4.699054666666666;-5.0281476666666665;1.3958149333333332;-1.5822867;-2.4920330666666666;-0.757459;0.48513521666666665;1.4396305433333334;-0.23180583333333335;0.18434996666666667;0.0078029582000000005;1.7751453333333334;0.24012691;0.0020403921633333332;0.0038976776666666667;0.0037998689999999996;0.000760129;4.298673e-05;-1.5281393333333333e-05;8662.276333333333;-2670.249333333333;152.77776666666668;-10.069444666666667;152.77776666666668;-7.638890333333333;184.02776666666668;-8.680555333333333;190.97223333333332;64.930568;69.75727666666667;-15.610829;35379.25566666667;89243.43666666666;0.026388889999999998;0.009499998333333334;0.0;0.0;0.0;0.0
'IITM_HMM_02369_37_i.wav';0.0;218.341875;0.31438708125;0.07011092499999999;0.004697144374999999;0.005233205124999999;-4.804360875e-05;0.019272895;-0.00016623184;16.265645;0.076922791;7.508737375e-06;9.790917875e-07;0.0010966998425;0.00013573211499999998;-4.3991844075;-23.08607;-0.15380242500000008;-11.26978625;-28.512946250000002;-10.144696249999999;-16.34602875;29.60766875;28.43959625;49.753637499999996;-17.383713625;-17.1248015;-3.342061;-40.969571249999994;-31.62017875;-5.265963625;1.8116416999999998;-0.49512296375000003;-0.45836203750000004;-1.5710750375;-1.8292205125;-1.1899489125;-1.435964325;0.4893925749999999;-0.42344296249999996;0.6061323624999999;-2.2090475;-2.7162083749999995;-1.8008275375000002;-1.56896815;-0.50356661625;0.77164911375;0.2592155125;0.0052625292125;2.0269630000000003;0.029866173125;0.0003525962875;-4.3044222499999995e-05;0.012859777125000001;0.0015151785374999999;0.0013207158125;0.00010312562249999998;428.6942;-39.425935;207.03125;3.64583325;214.84375;2.083332875;238.28125;3.64583325;350.26041250000003;18.359375125;17.411535;-0.9387664250000001;21749.36;709.1549749999998;0.0337499975;0.0015104168625;0.13242313125000002;-0.0020418575250000003;0.80913;0.00031497521174999997
'IITM_HMM_02369_38_tB.wav';0.0;0.0;0.0;0.002828222;-0.00017594448000000001;0.0;0.0;0.0;0.0;-100.0;0.0;1.7183889086000001e-09;1.5598157000000002e-09;2.6508859218859997e-08;-1.2302831000000002e-08;-0.8362134000000001;-0.22336978000000002;0.6166451199999999;-0.6503477819999999;-0.95538384;-1.29228484;-1.3500796000000002;7.238487599999999;6.6241074;4.8366414;3.605137;-0.19736226000000004;-5.0850736;-3.4757672;-5.4220306;-6.27540056;1.50960252;0.492547026;-1.6538274999999998;0.29287085200000007;-0.42357666;1.55322198;1.4801629000000003;-2.9508891539999995;-1.4471852379999999;-1.65502176;-0.4784635199999999;-0.08473774599999997;1.60043216;2.4812996;3.4521727999999996;3.23372834;0.6037420800000001;0.195472186;17.470360863205;-3.78523474;0.17102430200000002;0.0736029638;0.00014048243400000002;-1.1101097999999999e-05;2.2971753980015925e-08;-1.0054347599999999e-08;26.246568560000004;-13.3694678;368.75000800000004;87.08333999999999;672.91662;209.583328;1231.25;553.5416680000001;1612.5;877.9166600000001;2.8949082212358612;-1.293850866;1311867.28;718185.6599999999;0.82766666;0.034733337999999996;0.0;0.0;0.0;0.0
'IITM_HMM_02369_40_i.wav';0.0;55.6035875;0.0152372875;0.043772176249999996;-0.0020796609250000003;0.0;0.0;0.0;0.0;-69.45663625;-5.944920625;4.08783075e-06;1.4866425000000002e-07;0.00015224190375;-2.4371999874999997e-05;-4.85644905;-27.64172625;-5.77417375;-15.916996249999999;-30.692387500000002;-12.348492500000003;-18.90268125;22.0412875;20.646767500000003;53.774462500000006;-26.2595425;-27.3884425;-5.9883699125;-40.9053625;-32.235491249999995;-8.545888625;-1.1789712949999998;-1.7766041999999997;-0.42557167825000003;-0.7327963549999998;-1.6403359874999999;-0.1513419112499999;-0.24117934625;-1.3602135750000002;-0.1785811662500001;0.4364555312500001;-0.8765746124999998;1.2198477875;1.479869325;-1.3016417500000002;0.51063591625;1.22660721375;0.3086392375;-0.0005077398624999999;2.163154625;-0.04980807175000001;0.000823383;9.0806095e-05;0.0037403686249999997;2.892328749999995e-05;0.00010542517125000001;-2.1829895000000002e-05;97.01381;-14.242315125000001;218.75;-0.26041675;233.0729125;1.692707875;289.0625;-18.489583000000003;335.9375;-20.442706625;7.8909558749999995;-0.4453383875;166787.5275;21675.593;0.02802083375;0.00024999999999999995;0.0;0.0;0.1992497875;1.0867292500000001e-05
'IITM_HMM_02369_41_ch.wav';0.0;0.0;0.0;0.044999477499999996;-0.0016504238;0.0;0.0;0.0;0.0;-100.0;0.0;4.2038825e-06;-1.3444750000000003e-07;4.0214879250000005e-08;2.7916361499999998e-08;22.065530000000003;11.21248125;-4.602912775;1.3965832500000002;6.6670845000000005;8.09277575;3.8933067500000003;-36.6466975;22.5313475;10.39319325;-4.687454;-4.02312375;0.28217975000000006;17.48247;12.55355375;-6.7280292500000005;-1.09670955;1.616438875;1.762154;-2.8240262499999997;-0.89825565;-0.4878165750000001;-0.8859809750000001;4.89590675;-4.1242285;0.42824629999999997;-2.1804381999999998;-3.6114955;1.6000409749999998;1.6165657750000002;1.6916354249999999;-2.05900425;3.7421949999999997;-0.26030348999999997;6.40781025;0.00014293000000000118;0.1061458625;0.02751505;0.00455108975;0.00042335097499999997;1.8790115000000003e-05;-3.1326617250000005e-06;2.674477;0.057210340000000005;4473.958500000001;-396.6145375;5695.31275;-380.7291375;6979.166499999999;-279.94791250000003;7302.0835;-182.8124875;-0.42365295000000003;0.056678733999999995;1988615.75;445698.25;0.633333275;-0.0439374925;0.0;0.0;0.0;0.0
'IITM_HMM_02369_43_tB.wav';0.0;0.0;0.0;0.008428642;-0.003019004;0.0;0.0;0.0;0.0;-100.0;0.0;1.7216492574999996e-08;-8.31756e-09;4.6845346525000004e-07;-2.7123324999999996e-07;-4.759417749999999;-4.576781;-1.59774455;-9.90463825;-3.76917625;-0.45719517500000006;0.40790984999999996;18.12220475;15.50155375;13.2610455;9.903053250000001;3.210198075;0.474780275;4.08843305;3.3621112500000008;0.539023125;0.481558055;1.388092775;1.551337;3.3467717500000003;0.96465895;-1.07236894;-0.2560188;-5.642787;-4.712807;-4.052748;-3.213109;-1.753927775;-0.443651475;-2.15408975;-3.5222644924999997;-1.000076525;0.1726913;0.0413543625;7.599292499999999;2.45951375;0.012256261000000001;0.0159407715;0.00242008435;-0.000481082425;5.4411882145000005e-06;-3.2142245e-06;642.3293325;-351.084425;109.37501499999999;-9.37500025;132.81251;2.604166;156.250025;116.145849;218.75;316.40624075;15.15401425;-6.55303975;156484.645;285115.4425;0.5131250249999999;0.16254167499999997;0.0;0.0;0.0;0.0
'IITM_HMM_02369_44_o.wav';0.0;70.24449249999999;-0.0208918805;0.06439745250000001;0.0037474252500000003;0.0;0.0;0.0;0.0;6.800232749999999;0.412545775;3.6816764999999997e-06;1.151935925e-07;0.000513593875;9.981746e-05;-5.919375;-18.4300275;-9.496642;-11.953664;-8.814273499999999;-7.29411825;-14.524117500000001;46.1377875;16.8589675;0.6497360999999999;-19.78373;6.5167895;-15.734152750000002;-38.3931225;-17.316125;-3.4628937250000003;-1.327812775;3.07707175;0.9045824;-0.5339012000000001;0.26428312499999995;0.4127643;-0.05615331249999999;2.0142113999999998;3.13729425;-0.8319094499999999;0.48492124999999997;-1.7044342500000003;3.55855825;4.2881175;-2.66869225;-5.0129815;0.33025775;-0.01166474125;2.7481565000000003;-0.11898846;0.00037878585;-0.000149315105;0.00857430125;0.00020476702499999994;0.0005000983750000001;0.0001097396625;119.75296999999999;2.931702999999999;210.9375;-5.98958325;234.375;-6.770833;421.875;-14.5833345;445.3125;-4.68750125;5.2628835;-0.55780725;21748.415;-3961.3989999999994;0.0325000025;-0.0034583337500000005;0.14441415;0.0;0.7192771249999999;0.0005267716775
'IITM_HMM_02369_45_p.wav';0.0;0.0;0.0;0.0042909540000000005;0.0010540762833333333;0.0;0.0;0.0;0.0;-100.0;0.0;1.0450262294166665e-08;4.278783365e-08;1.0286941072452166e-07;2.2612316166666667e-07;-3.244365116666667;-1.520206333333333;0.7380697833333333;-0.4674483333333333;-1.052662833333333;-0.4693619499999999;-2.88707265;8.578049333333334;8.219727833333334;6.401965000000001;4.448471666666666;1.4138811333333334;-2.8136205000000003;-4.031110833333333;-3.1405883333333335;-3.980703666666667;2.1415203166666665;0.8741907333333333;-0.17504236666666664;0.41742446166666686;1.9890079500000002;0.8935954500000002;1.0770668499999998;-0.8088350000000002;-2.94922525;-2.0025864500000004;-1.8019108166666669;-0.18302911666666666;-0.3126896;-0.2887652500000002;1.8020873333333334;3.1805978333333336;0.6531523333333333;-0.0015410133333333177;5.617569719337499;0.15640098333333344;0.19809288666666666;-0.0015102430000000049;0.00037636189666666667;9.035017666666666e-05;1.4641530483333335e-07;1.2664948166666666e-07;87.33993063333334;-43.73402366666667;421.87500500000004;-28.64583833333333;802.0833333333334;-30.555568333333326;1227.4305;-18.92360499999999;1734.3748833333336;83.68056666666666;5.022246633333334;-1.8207691166666666;1306735.1166666667;62452.51666666666;0.7438889166666667;0.01586108833333333;0.0;0.0;0.0;0.0
'IITM_HMM_02369_51_J.wav';0.0;33.71618;0.0;0.026669696;-0.00013478680000000002;0.0;0.0;0.0;0.0;-75.589466;-7.3231611999999995;1.64862234e-07;1.1621812339999999e-07;4.19121638e-06;1.0004126e-06;-3.3884658;-8.804675999999999;-11.694514;-13.67389;-8.175874400000001;-6.5396868;-6.455644000000001;14.365635000000001;41.111108;24.693942;24.147702000000002;8.38541502;5.4997354000000005;4.4329752;1.6457286400000002;-9.0763042;3.1765617999999995;1.201218936;0.8284617219999999;0.69157132;1.19262994;0.25878194000000004;-0.32893654;-6.192864800000001;-1.2048068777399998;-1.8282404000000003;-3.50654279;-2.6801433;-1.7773846;0.61932828;-0.34587060000000003;-0.90464626;0.7801420400000001;0.23898658999999997;2.6939032;0.524435956;0.033213879280000004;0.0145209276;0.0096338176;-0.0004554071600000001;0.00015515221679999997;-7.653581679999999e-05;3876.1225938;-1741.45022;737.5;234.79164759999998;964.5833999999999;326.458346;1110.4168;385.41666;2485.4165999999996;823.5417299999999;35.656114;-13.4021884;1992797.6572;706360.11;0.15766668;0.054316666;0.0;0.0;0.14980133999999998;0.0
'IITM_HMM_02369_52_A.wav';0.0;81.39262666666667;0.007302146666666666;0.1227087;-0.0012922670666666667;0.0;0.0;0.0;0.0;15.062129999999998;0.0007664538333333333;6.817367999999999e-05;6.226937333333333e-06;0.00014061533333333334;-1.5374846666666666e-05;-17.60325666666667;-22.53683;1.7122313333333332;-5.5528;-6.637499000000001;-3.0197826666666665;2.3962869999999996;42.9361;-15.29506;10.536957333333332;-6.66791;9.399482999999998;0.9234559999999999;9.249213333333334;21.959016666666667;3.000958666666667;0.38532686666666666;0.5840736500000001;0.5344149333333333;-0.5394202333333333;-1.2493881333333332;-0.6495132333333332;-0.8642704999999999;-0.3801017599999999;-0.785573;-0.9755634999999999;1.0032408666666666;1.2115024666666667;0.5950758713333334;-2.4118316666666666;0.06277758333333333;0.7333587333333332;0.41127823333333335;0.005977142;3.5380040000000004;0.029951373333333333;0.0016290200000000001;0.00018287111333333334;0.003980017333333333;0.0014248213333333335;0.00048105970000000007;-3.299287e-05;12.554509999999999;-1.0109224;156.25;0.0;187.5;0.0;656.25;0.0;857.6388999999999;34.37499666666667;2.3078166666666666;-0.06741856;156218.06666666668;13481.949666666667;0.024444443333333333;0.0025277778;0.0;0.0;0.7191841666666666;-8.830891333333334e-05
'IITM_HMM_02369_53_j.wav';0.0;185.00621111111113;0.3760816566666667;0.07772154666666667;0.003828443577777778;0.024479501111111114;9.452125555555556e-12;0.011906604666666668;-0.00014150916666666666;21.140622222222223;0.11150565318888889;6.99261188888889e-06;1.4012330444444444e-06;0.00046566098777777777;8.934994555555555e-05;-0.49304719999999985;-16.41717888888889;-0.28804804444444443;-6.692273622222221;-9.385228777777778;-0.24911018888888897;-4.1555985;34.39146888888889;21.740991666666666;46.944114444444445;-10.024244888888889;-11.4816332;1.2394484444444442;-12.60902844444444;-14.94540788888889;-4.166162877777777;1.6516091666666668;0.5522236111111112;-0.5705928;0.4769456444444446;-0.014525253333333321;-0.9244834444444443;-0.36872975555555565;0.13324074444444442;0.37881346666666704;1.5272572333333332;-0.6869571777777778;-2.480963916666666;-1.3005601555555555;-1.6206665555555562;-3.0642817;-0.4413781477777776;0.2360588555555555;0.004874362288888889;2.179583;0.031210419222222223;0.0005541767;-5.846730777777777e-05;0.009425205666666665;0.00016933755999999994;0.0010068304333333334;0.00014670551333333335;441.02701111111105;-9.955942777777778;170.13888888888889;3.2407406666666665;180.55555555555554;3.2407406666666665;241.89815555555555;10.995369444444442;321.75925555555557;10.53240688888889;16.261333333333333;-0.18937126666666662;26569.057777777776;-94.77389999999966;0.027037036666666663;-0.0011018518055555557;0.10224818777777778;-0.0009850657999999999;0.7975831444444444;0.0009128763188888888
'IITM_HMM_02369_55_b.wav';0.0;53.381683333333335;0.00017755683333333335;0.030168436666666663;-0.0014927021666666662;0.0;0.0;0.0;0.0;-60.816138333333335;-7.629346833333334;9.984430783333333e-07;3.898249333333333e-07;1.8871404666666664e-05;1.0317262666666668e-05;-3.2047298000000004;-12.774962499999999;-16.878465000000002;-11.832213166666667;-5.8673771666666665;-4.439095666666666;-2.3892146833333334;36.24608166666667;30.474828333333335;21.202596666666665;18.99855666666667;16.552236666666666;9.311638833333333;-2.3692876666666667;1.0927338833333335;4.725095783333333;-0.11571970000000002;0.8599150499999997;-0.5927550333333333;-0.3688453333333332;0.07923051666666665;-0.43530106666666674;-0.11638258333333333;-0.9152407166666666;0.0036960866666664316;-0.2456753500000004;-1.0139715;-0.9243813166666667;-1.408493;-0.5371784333333336;-0.7212454166666666;-1.5362828333333336;0.1851708333333333;0.011114293000000003;1.7426665000000001;0.08208380000000001;0.00034104705;0.0001004867485;0.005307119333333333;0.0007858850833333333;0.00015422280333333334;-3.027320833333333e-05;6883.912666666666;27.05031666666658;157.98611666666667;2.6041666666666665;157.98611666666667;8.159720666666667;192.70831666666666;19.965278833333333;208.33333333333334;32.118055;58.673820000000006;0.37844983333333343;7600.161666666667;2876.7104999999997;0.021527778333333334;0.00063888865;0.0;0.0;0.25666818333333336;6.371073333333333e-06
'IITM_HMM_02369_57_gh.wav';0.0;0.0;0.0;0.018419868000000002;-0.0015080751428571432;0.0;0.0;0.0;0.0;-100.0;0.0;2.4538588428571427e-07;4.988106185714286e-08;3.2186033657142857e-06;-1.7261000685714287e-06;-2.0156752857142863;-8.794052285714287;1.5111000428571428;-4.596985428571428;-4.8335684285714295;-2.7507979514285714;-3.0626211428571426;19.604972285714286;19.703701571428578;20.682574285714285;25.205784285714284;16.132198571428574;-1.5703537142857154;2.580427327142857;-0.5403264714285714;-3.7215922042857144;2.591409757142857;1.4646566942857144;3.4429840285714293;0.7709273999999999;0.2068760428571428;0.43119062857142854;-0.11206818428571426;-3.792329142857143;-5.136825142857143;-3.617659185714285;-1.580176185714286;-0.8173691571428571;-3.7697551857142857;1.8937084857142856;1.3849091571428573;1.2742573000000001;0.4489375;0.10930085687142858;3.238532714285714;0.5579495757142856;0.04776186331428572;0.01977938968571429;0.0054134869571428575;-0.0007868496428571428;6.966117092857142e-05;-3.679509260285714e-05;2958.814434000001;-1083.1721628571427;175.59524285714286;8.928573;485.119;104.16666142857143;662.2022857142856;225.446424;1077.3809999999999;434.22619057142856;31.14732842857143;-9.126311857142857;697072.6402857143;306608.217;0.07583333857142859;0.023452381857142858;0.0;0.0;0.0;0.0
'IITM_HMM_02369_58_9r.wav';0.0;90.46835;-0.0085112825;0.032389962499999994;0.0024850997499999998;0.0;0.0;0.007295155;0.0;-44.7999985;-9.650917499999998;2.99535575e-07;6.958711e-08;1.71662335e-05;1.3257752499999999e-05;-10.250432750000002;-9.417913500000001;0.910608725;-14.407005;-15.766735;-5.210162249999999;-8.0996945;32.8318225;22.1469375;31.2410125;10.304728;-5.015343;-12.02792525;-7.918402749999999;1.2930004;-5.2595617500000005;-0.27306846250000005;0.26643605000000004;-0.52292525;0.9579860249999999;-0.05326344749999995;0.24252128750000002;0.3913111925;1.44813275;-0.64342265;-0.664088475;0.119225125;-2.49850325;-2.3667895000000003;-3.0301864999999997;0.1647759500000001;1.6487507750000001;0.21198094999999997;0.00558416375;1.9408522499999998;0.053406234999999996;0.00084038025;-0.00011055703;0.003549679;0.000919314275;6.873335250000001e-05;2.2643465000000002e-05;986.8788;-53.646235250000004;164.062525;2.60416675;187.5;0.5208335;195.312525;5.208334;218.75;10.9375;24.504655;-1.51731225;14622.52;-1063.6217749999998;0.023125;-0.000250000025;0.2954884;-0.00113964325;0.38575925;2.3332734999999998e-06
'IITM_HMM_02369_59_o.wav';0.0;207.0518;-0.13355104999999998;0.12040636666666667;-0.004027101455;0.0003553473333333333;0.0;0.0020453458333333334;3.2522183333333336e-06;20.94163;-0.03456010000000002;4.535621166666667e-06;-7.7066185e-07;0.0045042043333333335;-0.00024183471666666667;-11.278974;-12.553865;-11.177709166666668;-8.973720166666668;-8.807843833333335;-11.434936;-12.388336666666667;44.015163333333334;31.248833333333334;15.4869925;3.4260188150000004;-6.9376791666666655;-17.391988333333334;-25.38492833333333;-21.508960000000002;-14.009294333333335;-1.3844003166666665;0.8279194166666667;1.2040502316666668;0.2667754833333333;-0.4265533666666667;-0.4964662166666667;-0.4988011683333334;0.18854129833333333;1.809334833333333;2.2532251666666667;1.6255495;1.3269054;1.62284415;1.3153515999999998;-0.9645624683333335;-2.632327666666667;0.26059861666666667;-0.0093833305;2.0777768333333335;-0.10018657000000002;0.000153577755;-3.280498e-05;0.024306366666666666;0.0008073853333333331;0.009104614833333333;0.00048141155;716.1053;181.79884500000003;187.5;0.0;218.75;0.0;255.20835;-20.486110666666665;338.54165;-32.11805666666667;10.763267500000003;1.3132897833333332;6952.010833333334;-1463.8918166666665;0.030972223333333337;-0.0027638889166666666;0.043800946666666674;-0.0010555613333333334;0.8127954166666668;-0.00013071762
'IITM_HMM_02369_61_enas.wav';0.0;37.2016;0.0;0.0420492;-0.0035950140000000005;0.0;0.0;0.0;0.0;-69.306775;-9.20796675;1.36703e-06;-2.3723250249999999e-07;9.7163345e-05;-1.7524240499999998e-05;9.763426250000002;-14.58545;3.8329649999999997;10.112895;-9.99723275;-2.3017775;-2.3342365000000003;35.5978875;30.2476525;50.0721475;-23.793427499999996;-30.0433525;18.156844999999997;-7.9705705;-14.02918;11.238976749999999;-1.8439488375;1.0657042250000002;1.3554638250000002;0.42784925000000007;0.5353115625;-0.10734142500000002;0.3269384875;-1.16133595;1.40698485;-0.0006606200000000007;1.557892935;2.02793075;-0.323621575;-1.72604125;0.521191365;1.5640865000000002;0.2432466;-0.00423921565;2.80595225;-0.0034042837500000006;0.000555885975;4.5304032500000004e-05;0.00335288975;0.00047023405;0.000110456085;-2.2769862499999998e-05;146.251875;23.474059;148.4375;-5.98958325;156.25;-0.5208335;281.25;-5.9895825;403.645825;-3.3854165000000007;10.1067935;0.4900785175;46553.4175;510.89552500000013;0.0212499975;0.001041666625;0.0;0.0;0.19351454999999998;0.0
'IITM_HMM_02369_63_s.wav';0.0;0.0;0.0;0.0198232025;-0.0030675015;0.0;0.0;0.0;0.0;-100.0;0.0;1.19017545e-07;-4.2967455e-08;2.0063623010000003e-06;-1.2004119999999999e-06;-10.042447750000001;-0.7271557500000003;-7.786234;-6.5952896;-5.517196945;-10.102861;4.55919975;-15.94816375;28.789637499999998;-1.36172275;25.1053475;-5.37133925;-1.3723105000000002;11.207244;-5.952427;1.6404727000000001;1.7411192500000001;3.939685;1.7939025;3.5704065;2.7767212499999996;2.33343875;2.513044;-7.735030499999999;-3.4900715;-3.0371574999999997;-1.4054353249999998;-3.9438347499999997;-1.3152001750000002;-0.6522051500000001;1.036148665;1.277841;3.27172025;0.6562259;4.888935249999999;0.535747;0.050321172500000004;0.00691559375;0.0034097682500000004;-0.00046023185;7.9777345e-06;-3.91482025e-06;21.712626999999998;-7.26707925;4369.7919999999995;874.218725;4679.687250000001;960.937475;5414.062749999999;1025.781075;5544.271000000001;1070.833425;0.7384862499999999;-1.404348575;1461766.1;-181230.3875;0.62229165;0.069833335;0.0;0.0;0.0;0.0
'IITM_HMM_02369_64_k.wav';0.0;0.0;0.0;0.005770682;0.002248555925;0.0;0.0;0.0;0.0;-100.0;0.0;6.5112746375e-08;6.667661925e-08;9.60255725e-09;1.6214647300000002e-08;7.488707250000001;4.422430649999999;8.07898625;4.135780649999999;3.1198397499999997;4.54986375;1.1650865249999998;4.58991275;17.627347500000003;11.186687249999999;8.425887;-3.3038448000000002;15.1694775;2.824478;3.22383225;13.097077500000001;-1.80006075;-4.667291;-0.259752705;-2.5047302500000006;-0.41666830000000005;0.928720055;2.6458250000000003;-3.87626475;-1.8627937999999997;3.3248500000000005;-2.4133245;-1.43801325;-2.193015675;-1.81658365;-6.132013499999999;0.8723379925;0.719008825;0.36689374999999996;13.90367975;0.07855477499999997;0.12370769499999999;0.05790919;0.00023246332249999999;9.478718249999999e-05;3.2595553e-08;3.9498618e-08;46.36905125;-13.157043;684.895925;359.375;765.62499;560.15625;1242.1875100000002;916.9270750000001;2257.8125;1214.583075;5.037749249999999;-1.435606225;2033170.35;654605.0249999999;0.41416667499999993;0.0450416663;0.0;0.0;0.0;0.0
'IITM_HMM_02369_65_i.wav';0.0;0.0;0.0;0.03265456;0.0008302415;0.0;0.0;0.0;0.0;-100.0;0.0;3.4161150000000004e-06;2.6797525000000004e-08;9.756063000000001e-05;2.078184e-05;-24.969455000000004;-36.341775;-9.501133;-14.421690000000002;-18.463794999999998;4.7782035;0.3792592;12.634260000000001;20.110205;52.61879;-29.710250000000002;-14.664245000000001;1.9401485;-49.725915;-38.423860000000005;-16.15587;-0.04731177000000001;-0.6686436;0.3326151;-1.7404409999999997;-0.6795698;-0.4497214;-1.0675427499999999;0.8618933;0.38090228;-0.71532425;-0.37215642000000004;-2.035763;-1.16185145;-0.79643285;0.2821766;-0.7441473;0.3490548;-0.0066053835;1.9063895;-0.03235434;0.0013101039999999999;-6.133024e-05;0.0010223002500000002;0.0006267654;2.559393e-05;1.0877147500000001e-05;30.890225;15.07489;250.0;0.0;281.25;-3.6458325;281.25;0.0;291.6667;-1.0416655000000001;5.3101295;0.7868562;295545.3;-33416.455;0.03333333;-8.333325000000001e-05;0.0;0.0;0.0;0.0
'IITM_HMM_02369_66_k.wav';0.0;0.0;0.0;0.00242927825;-0.000524614675;0.0;0.0;0.0;0.0;-100.0;0.0;1.044563915e-09;1.326497575e-09;3.0002669827499995e-08;-1.70320105e-08;-5.353021750000001;-4.02892575;-2.064729;-3.0846245000000003;-0.334981575;-0.2795857250000001;-5.17096025;7.439874999999999;8.25872325;8.01770125;4.28205695;-0.1048230875;-2.613372;-6.15298675;-3.630558;-5.076076499999999;3.29112275;1.882979225;0.8399967500000001;0.637180625;0.539600775;-0.12443704999999997;2.531731;-3.2648620000000004;-4.22207225;-3.7827457500000006;-2.1454994000000003;-0.40959949325;0.6086255499999998;3.7237315000000004;2.138216;2.52984375;0.197708275;0.007957098000000003;30.192551079006247;-5.35730545;0.025520780000000003;0.01165249975;0.00017365050075000002;-3.351187075e-05;2.0006912707500002e-08;-1.10393975e-08;43.809369499999995;-24.383585;109.37501;-1.0416678814697509;132.812525;48.6979125;171.875;97.13542749999999;437.5;121.09373500000001;3.9089287500000003;-1.93780895;418002.6;61385.427500000005;0.850624975;0.0634166805;0.0;0.0;0.0;0.0
'IITM_HMM_02369_67_9r.wav';0.0;205.56563999999997;0.029521015999999994;0.055735722;0.012913397600000001;0.0;0.0;0.0013062936;0.0;2.9275002;0.014536679999999996;1.6213111399999998e-06;3.5584388000000003e-07;0.000740087478;0.00041962537399999994;-9.589498;-11.2404786;0.058488583999999996;-8.9164776;-14.003962000000001;-0.4822977199999999;-7.923894;31.209357999999998;14.499832800000002;36.428492;-0.35265450000000004;-28.911592000000002;-18.630866;-14.804136;-12.950515200000002;-11.2944464;-0.23611628;-2.0621806200000004;-0.065375534;0.04630788140000004;-0.44239866;0.38797876000000003;-2.6451612;5.426297;2.6860904;2.9384727999999996;-0.567249916;-2.5711328;-1.00331978;-1.3808088;-3.4018176;-1.6933997;0.36583098;-0.0460996442;3.1830602;-0.4387207;0.02203752006;-0.01293545506;0.015669748;0.00376617237;0.0011212496498000002;0.0007612569000000001;168.543394;14.7504986;187.5;1.6666676000000002;231.25;-7.4999972;429.16668;-46.666666000000006;900.0001399999999;-294.5833262;8.0333896;0.06862045999999991;353485.674;-201078.33599999998;0.07416668;-0.0240166702;0.39075806;-0.0022116643999999996;0.81120844;0.000808877024
'IITM_HMM_02369_68_tB.wav';0.0;0.0;0.0;0.005191551428571428;-0.0006974657028571429;0.0;0.0;0.0;0.0;-100.0;0.0;4.896839142857142e-09;2.861438414285715e-09;2.365212370085714e-07;-1.3318460757142858e-07;-4.278146571428572;-1.8075641714285715;-4.0873206500000006;-2.6309043142857145;-2.0195725285714285;-1.3376618428571427;-0.7762828571428574;11.284939242857146;12.686827;9.844347914285715;6.156918657142858;0.5730457714285715;3.4690869428571434;1.3631902285714286;-4.1601870000000005;-6.103903000000001;3.066493142857143;2.232178571428572;0.7970771142857142;3.1573557142857145;1.0007820714285713;0.7815860571428572;0.9530652571428571;-3.2963872714285714;-2.6381022857142855;-2.537099428571428;-2.838726585714286;-2.799981;-0.758335;0.8817212714285716;-0.7561182714285716;2.3657303171428574;0.3816850428571429;0.1115145303;9.968916857142856;1.366393932857143;0.064765114;0.026191387;0.0013045584942857143;-0.0003544555828571428;2.3103732548461433e-06;-1.3696439551428568e-06;808.6459487285714;-471.8417605428572;127.97619428571429;-2.2321427142857146;211.3095142857143;29.910712210588713;616.0714285714286;289.1369087142857;1208.3332857142857;613.0952428571428;12.598846914285716;-6.058202711142857;1030518.5214285714;536455.76;0.6375000142857142;0.06336904571428571;0.0;0.0;0.0;0.0
'IITM_HMM_02369_69_i.wav';0.0;69.57726666666666;-0.013614114333333335;0.06451066;0.011261006333333332;0.0;0.0;0.0;0.0;2.377068;0.0007312534;3.7102690000000005e-06;1.0076205e-06;0.0008387932666666666;0.0005700131666666667;2.480473333333333;-18.632076666666666;2.235253333333333;-3.699116666666667;-22.27694333333333;-14.576446666666667;-10.764093333333333;30.300003333333333;29.226550000000003;53.20284;-17.569836666666664;-20.96684;-5.170076000000001;-38.864466666666665;-30.36104333333333;-4.731352;0.4120312666666666;-0.7127793666666667;-0.04547754666666667;0.41125271666666663;-0.6226145333333334;-0.12183563000000001;-0.13701205666666666;2.1964393333333336;2.6384563333333335;4.241812666666667;-1.795568333333333;-1.3344832333333334;-0.4120697;-1.9361123333333332;-0.00935522666666667;-0.09768095399999997;0.27749073333333335;-0.005386755;2.3664556666666665;-0.08915273333333333;0.0008553839333333333;-0.0003875529666666667;0.020154579333333335;0.004365709000000001;0.0016413694666666666;0.0011794231333333333;277.43536666666665;37.054116666666665;197.91666666666666;-5.555554333333333;218.75;0.0;239.58333333333334;-4.861110666666667;416.6666666666667;-5.555558;13.011650000000001;0.2624020333333333;33581.27333333333;-9946.662666666665;0.03277777666666667;-0.003583333333333333;1.0;0.0;0.7147581000000001;0.00023135116666666666
'IITM_HMM_02369_71_o.wav';0.0;200.98265;-0.09669353666666665;0.13695585;-0.011756448166666668;0.0012565739999999999;3.454856666666666e-06;0.0011092268333333334;5.593775e-06;25.97069;-0.12990329999999997;4.931652166666667e-06;-7.7954469e-07;0.006458986833333333;-0.0009705170666666667;-15.11881333333333;-15.395343166666668;-6.176095166666667;-2.2470469766666663;-4.8475955;-6.831016833333334;-10.504395166666667;52.60642166666667;32.522236666666664;14.8093;-1.73185625;-3.182893333333334;-14.411676666666667;-21.909611666666663;-13.8195195;-14.099979166666666;0.15519113333333326;2.2043499;0.6107686833333333;0.5049648366666667;1.0225003166666664;0.11548853333333332;-0.1171112425;-0.6303406833333334;1.1885997333333334;-0.05065951666666665;0.6703412499999999;-0.3491390033333333;1.5232408499999999;1.29389964;-2.0789063333333337;-2.1418754166666667;0.25137538333333337;-9.405153333333317e-05;2.1207585;0.016908834500000008;3.9546155e-05;5.81979165e-06;0.0221937955;0.0046104288333333335;0.018145103500000002;-0.0033391059999999997;171.50339999999997;51.63122666666666;187.5;0.0;213.54166666666666;-3.9930555;218.75;0.0;378.4722166666667;8.159721333333335;4.343309666666666;0.46191616666666674;6370.332666666666;85.9823;0.02499999833333334;-0.00045833315;0.029497795000000004;0.00043387865;0.8092208833333334;-0.00069607805
'IITM_HMM_02369_72_k.wav';0.0;0.0;0.0;0.004160717499999999;-0.0005997025000000001;0.0;0.0;0.0;0.0;-100.0;0.0;2.8197401000000005e-09;4.569317750000001e-09;3.9634979525e-08;-1.46830175e-08;-7.050857;-4.164785499999999;-1.197806725;-2.208801525;-2.07841595;-2.9817754999999995;-3.732869;11.4750775;12.289080499999999;10.491457249999998;5.782973000000001;0.99519785;-0.19507657499999997;-1.4106963499999998;-4.41385225;-6.460266675;4.239576250000001;2.4085567500000002;2.56647875;2.42519;0.8553432675;0.6684756;0.623381475;-2.7625773750000002;-4.3323357499999995;-6.33671325;-4.45233475;0.010568997499999983;0.798361815;2.09804175;0.61334935;2.935441;0.32971395000000003;0.076611228;7.190633;1.99778655;0.04933971999999999;0.0217890665;0.00042713862499999997;-5.348923750000001e-05;1.712736103e-07;-9.534805249999999e-08;125.8430075;-62.64211;164.0625;29.947918;231.770825;64.58334074999999;315.104175;102.34373500000001;822.9167500000001;350.0;7.9055135;-2.8033669999999997;590181.1;234071.7325;0.6658333;0.08989584249999999;0.0;0.0;0.0;0.0
'IITM_HMM_02369_73_o.wav';0.0;89.14659999999999;-0.25401904000000003;0.040036279999999994;-3.52448e-05;0.0;0.0;0.0;0.0;-35.8901242;-5.3292704;3.0516324e-07;-2.5333452000000004e-08;0.00014182260199999998;2.351977999999999e-06;-4.5735722;9.4141398;12.1179978;3.9980474;-5.6685522;-9.0601956;-6.5861744;48.18735399999999;36.84983999999999;-0.23259479999999985;-17.035148;-7.0784530000000006;4.905364199999999;0.18794534000000002;-9.9104918;-12.7235424;0.14683163800000001;0.464746086;0.8313383599999999;1.092127;0.648778948;0.6082723999999999;-0.3702144479999999;-0.15159779999999995;0.838029128;2.0896827399999998;1.77118304;0.17563871;-0.68711658;1.45368888;1.6561887;-1.3621485999999998;0.30119266;-0.013603838000000002;3.3074199999999996;-0.11238764799999998;0.00034158404;-4.9102056000000005e-05;0.0057732332;0.00022537241999999992;0.00010463019999999998;5.520480000000002e-06;157.1409;7.5749938;150.0;-4.7916666;250.0;-28.125000000000007;375.0;-10.4166674;466.66666000000004;-14.791667200000001;4.864564400000001;0.025364899999999933;23143.998;-1425.9444;0.024833332;-0.0017833334;0.0;0.0;0.46075699999999997;0.00018673032
'IITM_HMM_02369_74_b.wav';0.0;0.0;0.0;0.015622925;0.00723355;0.0;0.0;0.0;0.0;-100.0;0.0;2.6315779999999998e-08;1.1566061e-06;9.355751000000001e-07;3.93310815e-05;-12.400422500000001;-10.938845;-8.9145085;-15.085564999999999;-12.28914;-6.598525;-5.7331565;28.427105;37.805755000000005;31.684725;22.41214;17.821775;3.5643554999999996;1.1219021;-2.2208417000000003;-3.9685284999999997;4.6541495;-1.3562828;-2.8468285;1.193791;0.8974854999999999;-0.9899994999999999;0.22093710000000003;2.3199585000000003;-5.418247000000001;-5.729791499999999;-7.056421;-5.997999999999999;-2.6051495;-3.7783930000000003;-1.0481832500000001;3.8398115;0.1854926;0.029029035;1.690373;0.24417399999999997;0.0004303454;0.00023889229999999998;0.0012617746500000002;0.0021784474999999998;2.440355e-05;3.2413294500000005e-05;5745.668;-1290.0659;156.25;4.6875005;161.45835;19.270836;187.5;44.791665;192.70835;54.166669999999996;64.418135;-12.58062;6791.394;6902.192;0.0225;0.0032916670000000003;0.0;0.0;0.0;0.0
'IITM_HMM_02369_76_rr.wav';0.0;197.53505;-0.36780552499999997;0.24160135;-0.03818826;0.0;0.0;0.0012434310000000001;0.0;20.859257500000002;0.05186971525;0.0001100124625;-2.84262025e-05;0.01668591325;-0.00558505875;-15.970804999999999;-24.0344325;-17.4135575;-15.161764999999999;-15.586450000000001;-15.6432225;-3.4698437500000003;48.170727500000005;9.489739750000002;24.8904875;6.5464313249999995;-33.6897275;-22.478925000000004;-1.5664793250000002;9.33357025;4.77120225;2.18039225;3.98500725;0.2502633499999999;-1.0473398999999999;2.356103;2.695296475;-0.3897734;-1.90060875;0.38129047499999996;3.6667490000000003;3.2892392500000005;-2.1885796749999997;-0.58006345;1.262135825;-1.9837131000000001;-1.7751483499999998;0.257980325;-0.00533234425;2.21581975;-0.019024897250000002;0.00018919307500000001;4.9568102499999994e-05;0.0690369775;0.0159329335;0.044564597500000004;-0.01283860275;135.2885575;23.77839375;187.5;-1.82291675;210.9375;-5.98958325;218.75;-1.82291675;359.375;-14.32291;7.193359500000001;1.148316025;16469.9525;1339.80985;0.0279166675;0.00010416684999999998;0.017003025;0.0;0.79982585;0.00052641655
'IITM_HMM_02369_77_e.wav';0.0;227.60241428571427;0.2222014242857143;0.05592642999999999;0.00047696290000000003;0.007138567571428571;1.831872e-05;0.0040567687142857144;-3.5251808571428574e-05;21.17257;0.06828976428571429;6.608121000000001e-06;3.6123585714285717e-07;0.0002645503571428571;1.4624037714285714e-05;6.5524495285714295;-20.628418571428572;-2.511657864285714;-13.39362857142857;-26.633664285714282;-18.38048285714286;-15.431952857142859;27.297448571428568;13.788992857142857;45.163264285714284;-34.892321428571435;-43.85456;-8.127383428571429;-29.516241428571423;-32.897462857142855;1.5635664142857144;2.349692714285714;0.4871346842857144;0.8026675142857143;0.38671927142857143;-0.5596741285714286;-0.20953095142857148;-0.5416178757142858;-0.2908511314285714;-0.39359785714285717;-0.6426368142857142;-1.1552547285714285;-1.3512679857142857;-0.18715839999999995;0.2539465614285715;-0.3682735428571428;1.0767567142857142;0.4064851571428572;0.017234261714285715;2.6151824285714285;-0.015862179642857143;0.0008301516428571427;8.192711571428569e-06;0.0027105405714285716;0.0003647632428571429;0.0001645249714285714;3.108263857142857e-06;57.49412571428571;-4.461892714285714;254.46428571428572;22.619049142857143;357.14285714285717;31.547618428571433;450.89285714285717;4.1666667142857134;468.75;5.059524857142857;6.78093;-0.21638295285714285;124511.37714285716;5046.108300000001;0.05071428571428571;0.0027619048857142857;0.07115946142857142;-0.0036993608142857144;0.833507057142857;0.00010617005857142856
'IITM_HMM_02369_78_dBh.wav';0.0;0.0;0.0;0.014161794000000002;-0.0005715089679999999;0.0;0.0;0.0;0.0;-100.0;0.0;3.1941098e-08;3.1366028724e-08;9.2693066e-07;-4.1326588200000004e-07;-7.471133;-7.5525154;-11.423102400000001;-10.759379200000001;-10.332457000000002;-6.07008608;-7.923996200000002;23.184978;33.537358000000005;30.828522;21.170560000000002;7.900149999999999;6.7861146;-0.5757492;-9.0158772;-7.638716380000001;3.86888904;1.9740073600000003;2.21916922;2.9141114;2.9365915599999997;2.7925626;0.11688396000000001;-4.5106915999999995;-3.16675592;-0.9651723000000001;-2.5755144;-1.6937311000000002;1.4014126400000002;2.5209946;-0.4264571200000001;2.3892550800000003;0.255924;0.1185317272;2.0279328;0.49825092800000004;0.013607574959999999;0.018115234252;0.0024833734;0.00011125954000000006;1.8731725599999997e-05;-7.429629800000001e-06;3934.8065800000004;-1307.46734;156.25;7.4999991999999995;189.58334;118.12498680000002;381.25005999999996;328.7500132;481.25;475.83328679999994;49.416892000000004;-11.6567664;312973.0412;406700.053;0.043666662;0.028199999339999997;0.0;0.0;0.0;0.0
'IITM_HMM_02369_79_j.wav';0.0;187.25728333333333;0.10178217283333334;0.07400199666666667;0.01622556983333333;0.019024568333333335;4.033683833333333e-05;0.02600095333333333;-0.00030655217333333334;12.669589833333333;0.19145744666666667;1.2505235666666665e-05;7.3848433e-06;0.00040656281000000003;0.00018760784166666663;5.554090666666667;-16.26377666666667;-8.981141166666667;-5.7158385;-10.921525500000001;-7.917451166666666;-6.408847333333333;31.957309999999996;16.984653833333333;45.890989999999995;-8.627291333333334;-16.205321333333334;3.513999233333333;0.36003020000000036;-13.355797;-4.78818275;0.05624066500000002;0.6183895416666667;-0.94146705;-1.9044639166666668;-1.0994272;1.450196166666667;1.5906680166666665;2.362023;-3.0903320833333336;-0.6760550616666667;-0.8656259566666665;-1.9393201666666666;-3.2706913666666666;-1.57981995;-0.6825290000000002;-1.8740428666666664;0.22475781666666664;0.010476332833333333;2.0767688333333334;0.08616177433333333;0.0008971145833333334;-0.0001829876633333333;0.012593191333333332;0.002017349366666667;0.0008137620516666666;0.0003897671566666667;253.5943;-16.811971500000002;177.08333333333334;4.513888666666666;177.08333333333334;4.861111;203.125;5.208333333333333;281.25;30.55555666666667;13.829443333333336;-0.7085538000000001;39497.12666666667;-1693.568;0.030694444999999997;-0.00437499993;0.3357582333333333;-0.009423258549999999;0.7963699833333333;0.001330930165
'IITM_HMM_02369_80_A.wav';0.0;186.671925;0.29341725249999995;0.163959125;-0.0003066597374999999;0.002101088125;3.788552875e-06;0.008217949375;4.430275e-05;24.7503325;0.09847256624999999;0.00033930085;9.650553625e-06;0.0004272716625;4.4284923375e-05;-23.819677500000004;-12.03696125;1.0369873125;-12.214966250000002;-9.494378249999999;-3.5189063750000003;-1.85856015;42.99895875;-15.130684999999996;12.604274750000002;-0.13736587500000008;23.34083875;-5.986483125;-20.921183375;10.563683;-5.068529;-0.737622975;-0.5005829875;-0.8186558625;-0.05670907500000001;0.45622868125000005;-0.26090192875;-1.5775264875000001;0.5117503925;1.07970293625;-0.9238975125;1.156555325;1.1374439125;-1.516472275;-3.1533462875000002;0.24196898625000002;0.4795644750000001;0.33297;-0.006681281890375;2.928385875;-0.081731940375;0.001132149175;-0.0001134110465;0.009723575125;0.001986034375;0.001641360625;0.00020242156875;16.0085325;2.4131758774999996;175.78125;3.90625;187.5;0.0;273.4375125;-14.062501625;858.0729624999999;-50.260400875;3.186124375;0.1871947255;153370.8375;-9370.6511625;0.0285416675;0.00013541656250000005;0.03161138625;-3.287675375e-05;0.81285985;-0.00027984347062499996
'IITM_HMM_02369_81_nB.wav';0.0;205.0326;0.0;0.064841365;-0.0025790665000000003;0.0;0.0;0.0;0.0;25.39869;0.0;9.9047815e-07;-1.901755e-07;0.00054519305;-4.6658640000000004e-05;-21.083405;-7.7401855;-0.824153;-7.594327;-11.68634;-7.855594999999999;-8.4545085;39.87099;27.979950000000002;22.072384999999997;13.848434999999998;-10.00011;-26.291110000000003;-19.3838;-13.207539999999998;-22.619495;1.4230345;0.38758985;-0.77379705;0.3796337;0.8894934;-0.40838945000000004;-0.8935315500000001;-0.29469890000000004;1.2421535000000001;0.8947917999999999;-0.31155465000000004;0.26030559999999997;1.441271;-0.30327545;-1.5320010000000002;0.09259816;0.25186125000000004;-0.001711846;2.0611355;-0.01610166;0.00018068155;1.130521e-06;0.0027585145;0.001704526;0.00081931595;-5.5575075e-05;849.2726;90.881435;187.5;0.0;218.75;0.0;218.75;0.0;401.04165;-21.35417;14.572005;0.7817822999999999;7134.4195;-294.5351;0.025;0.0;0.0;0.0;0.8126109;0.0
'IITM_HMM_02369_82_s.wav';0.0;0.0;0.0;0.012309064285714285;-0.00018521574285714293;0.0;0.0;0.0;0.0;-100.0;0.0;3.9822221428571426e-08;7.469667714285714e-09;1.551950412857143e-07;-8.967193242857142e-08;-0.16470471428571415;6.622360214285714;-5.057378714285714;1.3278747142857144;1.137598485714286;2.479243957142857;0.41955785714285704;-13.825503428571428;21.812105714285714;-1.0748871428571423;20.195708571428572;-11.52111657142857;11.063705142857144;-1.0392313857142859;-3.394161357142857;-5.214899571428572;2.9551474857142854;2.3287434428571427;1.189813612857143;1.6306691285714285;1.1750351428571428;2.541385185714286;0.5919607285714285;-3.917629871428571;-2.6820315999999997;-2.7903658;-1.5193085000000004;-1.9525911857142852;1.0510534714285715;0.8462853571428571;0.44514272857142856;1.1334391285714287;3.7537496428571435;0.44495974285714285;5.1094857142857135;0.29976354428571433;0.08267340714285713;0.008937458142857142;0.0012652003428571428;-0.00011251212142857143;1.2645411857142857e-06;-4.5886971285714297e-07;42.12994142857143;-15.229837428571427;4691.964242857143;777.3808714285715;5818.452285714286;602.5298714285716;6138.392714285714;583.9285214285713;6345.238;620.8333999999999;-0.5413254285714283;-1.5538697428571429;2200068.285714286;-254594.08571428567;0.6848809428571428;0.05841666428571428;0.0;0.0;0.0;0.0
'IITM_HMM_02369_83_e.wav';0.0;205.78742499999998;-0.35372795;0.0935579225;-7.184000000000357e-06;0.11727314999999999;0.0;0.0974813225;-0.001270897;4.65580525;0.19044411000000003;2.591313e-05;3.728113999999999e-07;0.00161187675;3.2276424999999956e-06;10.58770225;-28.68765;4.992666000000001;-3.7749707500000005;-10.63264675;-3.8889425;-13.296777500000001;33.469815;10.705657500000001;49.5120575;-26.057142499999998;-44.2746075;-11.50553775;-16.125615;-33.5358825;-7.69189525;-0.957154875;0.12635352500000002;-0.392071875;0.70303430825;0.46213205425000004;0.665307575;0.58704298;0.36351730000000004;0.3004797925;2.30794125;1.670896675;1.382070925;-0.37008937499999994;0.7425355250000001;0.515551175;0.10474170000000005;0.393343525;-0.01566574625;2.74802925;-0.03999540925;0.0005479767250000001;-6.51682775e-05;0.01414165975;0.0016406104;0.0010749028;6.2545245e-05;67.78827749999999;2.3735555;216.145825;-3.90625;390.625;-25.260415000000002;429.6875;-9.63541625;442.708325;-8.59375275;7.345883000000001;0.15539198750000002;88958.7625;-4798.81325;0.065;-0.007250001;0.5587757250000001;-0.01801475825;0.800206;-0.0014484483250000002
'IITM_HMM_02369_84_dB.wav';0.0;0.0;0.0;0.01572871;-0.0009729392333333334;0.0;0.0;0.0;0.0;-100.0;0.0;1.5987006666666666e-08;-1.1420791000000002e-09;8.115016333333333e-07;-6.658516333333333e-08;-4.753664333333333;-6.9058139999999995;-9.538383666666666;-12.171957666666666;-9.427163333333334;-8.754654;-3.4298900000000003;30.08253666666667;37.84417;32.17657333333333;26.03625;12.088536666666664;5.5562949999999995;5.280045666666666;-2.0103880000000003;0.9790880333333334;-1.5812053333333334;0.19194364333333333;2.0482089333333335;2.3389856666666664;1.7306829999999997;1.4679780000000002;0.4709483666666667;-1.3223147333333334;-0.14497449999999998;-0.31122725;0.48486503333333336;0.7139675000000002;1.5000583333333333;-0.04579573333333333;-0.35744206800000006;0.32213376666666665;0.17150066666666666;-0.0028736296666666667;1.5822143333333336;0.008663745333333334;0.00023696893333333333;5.3942296666666676e-05;0.002007403333333333;0.00016263914333333336;3.725793333333334e-05;-7.547033e-06;7030.240333333332;-1096.1710666666668;145.83333333333334;-7.291666333333333;156.25;0.0;166.66666666666666;-5.555554333333333;187.5;0.0;71.25279;-4.4250940000000005;4266.251666666667;1198.7115000000001;0.02;0.0;0.0;0.0;0.0;0.0
'IITM_HMM_02369_85_e.wav';0.0;159.45775714285713;-0.12304096942857144;0.07307190428571429;0.0007040268571428572;0.013936622999999999;0.0;0.018789232285714285;0.00011104215714285714;16.69276;0.11423011857142859;1.8487520142857145e-05;1.3754769571428574e-06;0.0003871246428571429;-2.5807671428571363e-06;19.572335714285714;-23.13319142857143;2.317537185714286;-0.14916759999999996;-9.420380142857143;2.0366504857142855;-2.3860486442857143;31.18458;17.911814285714286;56.54660142857143;-22.560225714285714;-25.538598571428572;2.2798806857142857;-9.851190714285716;-23.42147142857143;8.834703857142857;1.2651548857142856;-0.5089966857142859;1.0799064714285715;-0.10750552857142855;-0.6431151428571429;-0.11086572571428564;0.6164401285714286;0.11324152857142857;-0.06036387857142854;1.6014576285714288;-0.9415146571428572;0.1240020528571429;0.7862561028571429;-0.2874223414285714;0.5174187614285713;1.553755957142857;0.30375398571428575;-0.0011730398571428572;3.0054901428571426;0.0021434502857142846;0.0009864674142857142;-8.015949214285715e-05;0.004627035428571429;-2.4139471428571433e-05;0.0003306132428571428;9.01440142857143e-06;51.185262857142845;-6.7392074285714285;156.25;-0.2976191428571428;218.7500142857143;-7.8869054285714295;325.89285714285717;-5.654761285714286;419.6428714285715;13.095237857142857;6.422953714285714;-0.34307224285714283;153205.16999999998;12543.698;0.05226190571428572;0.002690476142857143;0.22444491571428565;-0.010941464757142859;0.7944936142857143;0.00015657838714285715
'IITM_HMM_02369_86_kh.wav';0.0;0.0;0.0;0.0021610174000000005;-0.000455987864;0.0;0.0;0.0;0.0;-100.0;0.0;1.090831881e-09;-4.8126104e-10;4.009426082e-09;-2.2689072074e-09;0.9912333099999999;-1.7024605000000002;0.7921113;-1.1554613999999999;-1.4630794200000001;-0.66452033;-0.8176507599999999;4.109792669999999;5.0275688;6.812651099999999;0.60442613;-2.5981272000000004;4.9361824;1.05198299;-0.24333455000000007;1.25583603;-0.5476495889999999;-0.16833631000000007;0.33894926999999997;0.10914911999999996;0.7705119;0.536167085;0.22882961099999996;-1.8088577399999999;-1.7149495399999999;-1.3803199192;-1.3024798299999998;-1.1711423;-0.9504761899999998;-0.19520356;-0.21108808999999998;-0.609678431;0.50729649;-0.02923552900000001;19.747702426410008;-1.0360116;0.10128272599999999;-0.0037059541;0.0001337025821;-3.59841271e-05;2.91805322549e-08;-1.741058579608e-08;37.186480100000004;-20.04858773;153.125;-11.041667;803.125;-26.250009;1012.4999700000001;-33.74999500000001;1668.75007;-51.66670499999998;2.6143047900000003;-1.21132426;1404551.8900000001;-49018.65250000001;0.8890000400000002;0.0526666628;0.0;0.0;0.0;0.0
'IITM_HMM_02369_88_e.wav';0.0;134.144;-0.3723383;0.0542762475;-0.00030928165;0.0;0.0;0.0;0.0;-15.102630000000001;1.93363625;4.75073475e-06;-1.4709817500000004e-07;0.00013893677499999998;-9.018818200000002e-06;12.8589525;-20.20459;0.323735125;-3.3604072499999997;-11.378367500000001;-2.0270916;-8.567572;31.286427499999995;16.6337975;46.682925;-26.4464175;-37.9658475;-2.4412915;-7.012919999999999;-22.122367499999996;10.327747500000001;-0.45241354999999994;-1.370140275;-0.1430626125;-0.82204495;-0.31918755;-1.9886697500000001;0.571896025;0.631839375;1.416351475;0.4787298;-0.14529414999999998;1.8030195;1.8061294;0.531255675;1.11372091;2.6953585;0.35670895;-0.017492165;3.1585795;-0.0939877425;0.0013752480000000001;-0.00018037717500000002;0.0031742784999999997;0.00064997315;0.00012064719249999999;8.930355125000002e-06;48.8496825;8.199269475;192.708325;-8.593751000000001;286.458325;-35.677085000000005;380.208325;-17.708332749999997;531.25;-9.114585;6.2625980000000006;0.2737335975;134861.475;-8850.037;0.051875000000000004;-0.0059374995;0.260695185;-0.04800960250695017;0.59594685;-0.0009282024000000001
'IITM_HMM_02369_90_aInas.wav';0.0;113.30652222222223;0.6097608188888889;0.03538697666666667;0.0005294716555555556;0.0016315400000000001;7.395805555555555e-13;0.016444003333333332;-1.1887204444444443e-05;-0.157949999999998;0.0007949806111111122;1.1694656444444444e-06;3.1355521111111104e-08;1.015287911111111e-05;2.7971607722222226e-06;2.468181333333333;-14.09607;-3.903884588888889;3.745012055555555;-6.622319222222223;-6.882442888888889;-5.414224222222221;29.62609111111111;23.801412222222222;45.49077;-3.2845905777777777;-0.2812244444444442;42.95317777777777;11.411832999999998;-0.6845845555555551;11.522424888888889;0.7966215255555554;0.17684787422222226;-1.2115694444444445;0.2700282044444445;0.7584352555555555;0.2063780644444444;0.42540079888888893;0.9181698155555558;-0.08810931666666669;-0.7211634944444445;-0.9964341466666666;-3.9821101333333337;-3.054704911111111;-0.8444352433333332;-2.3532947444444443;-1.6836580555555554;0.16228888888888887;0.005707260533333333;1.6788081111111113;0.08323668933333334;0.00036012298888888895;7.544129622222222e-05;0.0055002743333333335;0.00043137030444444436;0.00019413017777777778;-1.865030322222222e-05;803.1237444444445;-76.63269111111111;131.94444444444446;1.0416668888888887;142.36111111111111;3.7037037777777777;162.03702222222222;2.662037613986555;179.39814444444445;10.99537111111111;24.360195555555556;-1.647765577777778;18084.96522222222;3151.6239555555553;0.017129627777777778;0.0005462963333333333;0.11624042222222222;0.0007504786777777778;0.5829703111111111;-0.00011503675444444439
'IITM_HMM_02369_91_aU.wav';0.0;187.63597142857142;0.3333558514285714;0.0949672942857143;0.012900945428571429;0.002513403142857143;0.0;0.02453118142857143;-1.8151100000000002e-11;6.093625714285714;0.04629483;0.00011028190028571429;1.4343344285714287e-05;0.0002657571637142857;9.544398571428574e-05;4.501996857142856;-29.937822857142855;-13.826335714285714;-10.061676714285714;-8.980823571428571;11.003599005714287;-1.7552185999999996;43.13847857142857;1.4919923714285714;-9.863694528571427;-25.237939000000004;23.71402857142857;6.926100714285714;-22.037278571428573;-4.929740695714286;8.953776085714287;-1.224596442857143;-4.148347885714286;-0.8250082442857144;0.5862503285714286;-0.3602729357142857;-1.9986373000000002;-1.1524884185714286;2.358111457142857;-0.1502776857142857;3.1613270000000004;3.1077082857142857;-0.21529811428571424;-3.903276114285714;-1.9500338571428573;2.427620485714286;3.5861745714285718;0.5128913999999999;-0.05320999571428571;3.781621714285714;-0.28856602857142855;0.003062119242857143;-0.0014044854542857139;0.012049628714285712;0.0016360932857142857;0.000669148792857143;0.00018872581571428572;21.629248571428572;-2.242352428571428;276.7857;-34.523810000000005;441.96430000000004;-71.42855571428571;656.2499857142858;-89.13691285714286;1008.9285714285714;-81.696451;2.492234285714286;0.012314442857142846;128199.45571428574;-16374.14857142857;0.09511904857142857;-0.032940476571428574;0.38652813142857145;-0.0015233859285714287;0.8126245142857143;0.00033731326285714285
'IITM_HMM_02369_93_u.wav';0.0;194.2302;0.0;0.040987695000000005;0.0063119744999999994;0.0;0.0;0.0;0.0;3.235564;0.0;2.8232215e-07;1.6438359999999998e-07;0.0002836101;0.00012016579999999999;-6.8021625;-2.6727781;-2.3151438000000004;2.8070755000000003;-0.49896825;-1.5891935;-7.606759500000001;43.049040000000005;27.690394999999995;5.2669820000000005;-8.156057;-8.8236895;-18.717055000000002;-24.866785;-13.876195;-7.350977499999999;1.0440142;-2.9026249999999996;-1.598964;-0.95801315;-0.020737000000000005;0.009724789999999997;-0.5867401000000001;1.345201;0.3322179;1.8375575;2.4529855;2.0150384999999997;-3.09023;-4.2692135;1.22129465;3.1075575;0.3515933;-0.011679762;2.9557314999999997;-0.1294224;0.0005766629;-0.00015629765000000002;0.0078538395;0.0015918705000000002;0.00019527405000000002;0.00012636685;398.6341;-64.443675;213.54165;-6.770833;369.79165;-22.395835;406.25;-8.8541655;421.875;-6.7708355;9.5317575;-1.704358;16499.4;-1705.566;0.13375;-0.035208335;1.0;0.0;0.8101295000000001;0.0
'IITM_HMM_02369_94_s.wav';0.0;0.0;0.0;0.0161521825;-0.001259094275;0.0;0.0;0.0;0.0;-100.0;0.0;4.47157075e-08;-5.270725e-09;5.308104850000001e-08;-2.873465e-08;-6.73145275;-2.395228;-1.147437725;-10.173176750000001;-8.36366225;-6.5155825;1.061947725;-14.929782750000001;30.4798425;0.05168374999999914;28.8851375;6.629676850000001;1.8696058500000001;13.5486025;-1.680129425;9.5962195;1.4476935749999997;1.278901475;0.37723597574999995;2.92740975;0.243330375;1.14441875;1.4704642749999999;-6.72526725;-5.112041;-5.5483080000000005;-2.26539575;-5.77190875;-0.558609725;-0.85265825;0.08994866000000001;2.0539301500000002;3.0105655000000002;0.7246194499999999;4.76215125;0.518770425;0.0560043475;0.00558266575;0.0025735065;-0.0002898105;5.08132625e-06;-2.4103097499999996e-06;24.7132915;-8.34249;2997.3960749999997;1234.635325;4588.54175;1024.739475;5236.97925;1057.291925;5411.458500000001;1059.635325;0.9876109999999999;-1.633571675;2410726.8;-441511.025;0.574375;0.09606251;0.0;0.0;0.0;0.0
'IITM_HMM_02369_95_k.wav';0.0;0.0;0.0;0.005720052;0.0021593827;0.0;0.0;0.0;0.0;-100.0;0.0;5.32996295e-08;5.284337775e-08;8.850893775000001e-09;9.762284925e-09;1.1211167999999998;-5.5417225;9.9803775;6.54944975;-1.547217;-2.6669229999999997;4.577776999999999;-4.505859600000001;13.13498075;12.346833;12.48405125;-5.278131;7.138184625;4.774612775;-4.407248624999999;5.394955675;2.03208705;4.343132;1.8627542499999998;-2.2528575;2.030784625;-0.6179929749999999;1.701128925;-1.99412075;-1.3710151249999998;1.481888525;-7.450718749999999;-1.92305475;-3.144349125;-2.0289200999999997;-2.6119494999999997;2.00011625;1.75609475;0.1727215225;51.46253;-3.876704;0.30251162499999995;0.031172783;0.00015994256250000002;9.8074875e-05;2.8468772499999997e-08;3.6506166250000004e-08;2.16145225;0.01256419;867.18741;450.000025;1559.8960000000002;742.7083250000001;4781.249749999999;48.958325;6552.08325;-168.75005;0.5482021275;-0.24071547499999998;6326839.0;-787660.9;0.7202083;-0.02495832875;0.0;0.0;0.0;0.0
'IITM_HMM_02369_96_i.wav';0.0;103.63386666666668;0.04314474833333332;0.047908721666666675;-0.00056731605;0.0;0.0;0.0019104833333333333;0.0;-45.05941633333333;-4.220815666666667;4.788296166666666e-06;2.6107953333333325e-07;0.00015888635;1.821034166666667e-05;-10.570123166666667;-21.36417666666667;6.067861999999999;-7.530244833333334;-21.219448333333332;-1.0446810000000002;-12.483500166666667;23.266634999999997;26.680888333333332;56.19813500000001;-21.701176666666665;-13.940291666666667;1.5366696666666668;-49.099825;-27.36099833333333;-9.134637166666666;-0.11822058333333336;-2.747863516666667;-0.5742560666666666;-0.5950508166666668;-0.0134848;0.8289931933333333;1.9380200166666668;-0.87907015;-0.56826023;0.9864078000000002;-0.7961356999999999;-1.9258245166666663;-0.6882077;-0.8826067000000001;-1.4928235583333331;-1.7856655833333333;0.28795211666666665;0.0070409756;2.266041;-0.036107509850000004;0.0007497715833333333;-2.1529341500000004e-05;0.006182237166666667;0.0014143728333333334;0.00016949476666666666;-3.4769566666666633e-06;103.04230333333332;-4.1840011666666665;199.65276666666668;9.374997666666667;230.90276666666668;9.374999333333333;251.7361;6.250000833333334;371.52776666666665;-14.062501166666665;9.372010166666668;-0.19666336833333334;98109.255;6725.650350000001;0.03208333333333333;-0.0014305555333333332;0.12684533333333334;0.0;0.5029442166666666;-0.0033365498333333336
'IITM_HMM_02369_99_k.wav';0.0;19.08461052631579;-0.0042689563157894735;0.011700673315789478;-0.0018223712747368424;0.0;0.0;0.0005813852631578947;0.0;-88.3794112631579;-2.133613210526316;7.508900661999998e-08;-9.736754883e-09;5.075650094159316e-05;-1.3865448174038786e-05;0.5119860526315789;-0.3082954842105264;-0.45312214526315797;-1.029489302631579;-0.8864635263157895;-1.3661077473684209;-2.366073652631579;14.279062342105263;11.0409022;6.908879098421052;3.9581694210526317;1.7950815368421054;-4.350270052631579;-12.014877052631576;-5.024311;0.18102352631578936;0.32888631842105265;0.13684824210526314;0.2602407757894737;0.009189330000000013;0.09327593842105267;-0.24083123157894737;0.44341865052631585;-2.2394815210526318;-1.7659271026315788;-0.4510366942105263;0.7791454736842106;0.06882424210526314;0.27518476315789464;1.725241210526316;1.3278690052631579;0.6612657010526315;0.21228761578947367;0.042774709789473675;12.676969764642111;1.9879980768421053;0.02890174494736842;0.01345685044473684;0.0022807355115789475;-0.00015430417726315787;4.553259840048052e-05;-1.1383467209692737e-05;202.5329312157895;-20.40368342631579;136.5131557894737;18.804825842105263;220.39472105263158;49.013154736842104;347.5876842105263;103.83772389473684;496.1622578947369;172.91668157894736;5.070860115789474;-0.3614229231578946;304883.7552631579;143774.66529473686;0.6523684721052633;0.03371491278947368;0.06479334736842106;-0.0003054040526315789;0.08218295263157895;-9.505894736842104e-06
'IITM_HMM_02369_100_9r.wav';0.0;211.06082500000002;0.235971015;0.057007060000000005;0.01438151075;0.1152354;0.0;0.091822055;-0.00146158525;3.5374264999999996;-0.029334942500000002;3.2268207500000003e-06;2.0343287499999996e-06;0.00055932577;0.000428501875;-13.462487500000002;-11.292248;-0.426524295;-12.3051775;-19.589167500000002;-1.3628236325;-8.65383425;32.3667225;12.213709999999999;38.5667325;-3.5621247499999997;-34.355577499999995;-17.4541275;-16.0904075;-14.030056;-12.25850025;0.5767559325;-1.84338675;-0.3167081125;-0.48274805;-1.345578075;-0.27346349999999997;-2.421894;2.97773175;0.73735065;3.67267475;-0.8962165000000001;-3.6480605000000006;0.40099275;-0.16352149249999998;-3.3236912500000004;-1.79527575;0.31056069999999997;-0.01127487575;2.693472;-0.1736006;0.003678595025;-0.002000545175;0.014448861;0.00454797275;0.0007488230825;0.00055487805;167.843725;35.221652500000005;205.729175;-2.864583;226.5625;-4.68749925;377.604175;-12.760414999999998;445.3125;-15.625;9.79418225;0.8430628;74690.075;-31559.0225;0.0474999975;-0.010250001250000002;0.55295565;0.0402784775;0.8068775;0.0002506938
'IITM_HMM_02369_101_sr.wav';0.0;0.0;0.0;0.05676891571428572;-0.0010207424142857143;0.0;0.0;0.0;0.0;-100.0;0.0;2.547735242857143e-05;4.0231544428571435e-06;1.2919662165714283e-05;-7.582342524285714e-06;-3.091345142857143;4.583667285714285;-15.879666142857143;-12.185908;-0.8264374142857143;-10.991490714285716;-1.6009931428571427;-25.230345857142854;20.614909714285716;39.171702857142854;8.493116142857142;-3.119289714285714;14.917784142857144;1.3870651428571432;5.204641428571429;-11.59034517142857;1.7392104599999996;4.204524571428571;3.6860891428571425;1.4656724494285716;1.7451946714285713;2.0064973285714287;1.8603355;-8.7177137;-3.7917966;-3.2765342857142854;-2.9946572914285716;-1.3962223857142857;-0.9035298528571428;-1.1175997714285715;2.5412209285714282;2.8912383;2.0859778571428573;0.39220082714285714;4.708791285714285;0.6057015914285714;0.06048917342857142;0.010596254971428572;0.013016401428571429;-0.0015262306857142856;0.0002555706742857143;-0.00012701463428571428;350.00170685714284;-203.24820342;2166.6665714285714;500.4464171428571;2593.75;569.3453000000001;4355.654714285714;812.7975142857142;5172.619142857143;925.7441428571431;8.117766642857145;-4.179523931428571;2412215.5385714285;236533.7614285714;0.40999999000000004;0.06907141714285715;0.0;0.0;0.09981597142857143;0.0
'IITM_HMM_02369_102_tr.wav';0.0;0.0;0.0;0.0018873319999999998;0.0019397075325;0.0;0.0;0.0;0.0;-100.0;0.0;2.6641012325e-09;4.70739760575e-08;6.1752781075e-10;4.605264011975e-08;1.964227025;-1.4197535;1.895689875;-1.7014327999999999;1.4124250750000003;-0.9211283775000001;-0.7711087000000001;-1.4235873749999999;3.2564086249999997;5.40478575;1.7874607500000002;2.595633;2.5058005674999997;6.7729955;2.83269525;2.84208075;0.290036925;2.6164379999999996;0.21237947499999996;0.9907219;-1.92702075;0.044135175;-0.7523007500000001;-0.179102375;-0.07398079999999996;2.4210027249999997;-1.0570963500000001;-0.47691461500000004;-1.894006525;-0.207450975;-0.15460129250000004;0.37253835750000003;0.8234823250000001;0.0477169225;23.447359658012502;10.068664250000001;0.1910281;0.012283554;3.347053e-05;0.00010628294875;2.14520014575e-09;4.877975705475e-08;1.014540375;0.15034712250000004;213.5416725;68.75001250000001;841.146;236.9791525;2312.5;19.010400000000004;3096.35425;-20.833349999999996;0.258196645;0.00560935500000001;2763378.0;-225349.575;0.93625;-0.05474999075;0.0;0.0;0.0;0.0
'IITM_HMM_02369_104_tB.wav';0.0;0.0;0.0;0.009434989;-0.0037685285;0.0;0.0;0.0;0.0;-100.0;0.0;5.371899885e-08;-3.03457275e-08;1.3771680805e-06;-8.168982250000001e-07;-0.5472086500000001;3.089355975;-1.3376385499999999;-5.7701465;-9.97086525;-4.276574999999999;-1.241925075;16.62130725;13.005049750000001;10.085942000000001;7.8194095;1.43973985;-0.10766440000000008;3.20233965;5.099432625;-0.3505004749999999;0.20124216345;-0.84133825;0.10416079999999997;2.19199325;2.69125425;1.33294205;0.8717615825;-4.675679;-3.75076225;-3.50566525;-2.36064375;-0.06675229999999999;-0.14836939999999998;-1.441687325;-2.7681732500000003;-0.08349632500000002;0.191766025;0.0093614635;8.835083749999999;1.785632825;0.01730775925;0.008908697;0.0022311527;-0.0005053230075;3.755406420025e-06;-2.2406102e-06;212.0968875;-109.81296499999999;117.18749;-7.03124825;132.81251;-3.38541675;156.25;9.11458475;304.687475;150.52085;9.41253875;-3.6420847499999995;233245.525;133488.54249999998;0.5175000000000001;0.1619583425;0.0;0.0;0.0;0.0
'IITM_HMM_02369_105_A.wav';0.0;94.21962666666667;0.006640288333333333;0.12204823333333333;0.006663114666666667;0.0;0.0;0.0;0.0;4.749996;0.0;9.120953666666666e-05;2.2707023333333334e-05;0.00013905746666666665;-1.1543869666666667e-06;-27.99871333333333;-21.4806;0.09007566666666662;-5.307898333333333;-11.428784333333333;-1.9246780333333333;-3.363341333333333;40.35740333333333;-16.870483333333336;-0.41543613333333335;-9.595509;5.267998333333333;-7.025976666666668;-3.7853652666666666;17.49982;-6.017697000000001;-0.20975606666666669;-2.522579;-0.9558147666666666;0.9928837333333332;-1.4310803333333333;-2.1827753333333333;0.26355396666666664;1.404336;-0.8210595333333334;0.5874018333333334;0.5843724333333333;5.474083;2.876262666666667;-2.6421973333333333;-1.1007092666666667;1.1653597;0.5658407;-0.030094846666666664;4.032545333333334;-0.14356695666666666;0.0027616876666666664;-0.0005609282;0.007842951666666667;0.0008971142;0.0003945039666666667;8.381999666666667e-05;9.657196;-1.0595437;208.33333333333334;-11.111113333333334;538.1944333333333;-86.80555;770.8333333333334;-18.402777333333333;972.2223333333333;25.347216666666668;1.7700826666666665;-0.06380606333333333;191308.03333333333;2761.4958666666666;0.07166666666666667;-0.011611108666666667;0.0;0.0;0.7386849999999999;0.00022900263333333333
'IITM_HMM_02369_106_p.wav';0.0;0.0;0.0;0.015306487857142856;-0.005677275342857144;0.0;0.0;0.0;0.0;-100.0;0.0;2.1646358059810003e-06;-1.253991105714286e-06;5.031602521011429e-06;-2.8171620671428577e-06;0.6319573428571429;-6.5841957142857135;-6.055830028571429;-3.9921372571428573;-1.7530298428571431;0.07230297714285706;-0.14130484285714268;19.519352428571427;7.365541185714285;2.380133171428571;2.4983109428571426;7.162769560000001;4.326923157142858;-3.2492985714285716;0.9983625285714286;4.639511714285715;-0.09181164285714291;2.5656037857142864;1.6079681142857143;0.6277411514285716;1.1576243999999998;0.18204415714285713;-0.6138894285714285;-5.050307999999999;-0.9613631800000001;0.5777378642857143;0.3840294285714286;-2.9587348428571434;-1.5514857285714285;1.7105635285714287;-0.5092857142857142;-1.3734901285714283;0.5136606285714286;0.11362114542857142;5.537029045146428;0.4453459428571428;0.12477121478571429;0.04723874499999999;0.002770292451428571;-0.0005536421285714285;1.5716184168508243e-05;-8.851322543857143e-06;85.54898514285715;-14.236678385714283;290.17855142857144;64.13690057142857;553.5715142857143;159.37499157142855;846.7260857142857;279.76190485714284;1264.8808714285715;355.65474857142857;5.486138942857144;-0.6107330714285714;882480.6685714285;310267.77142857143;0.5733333328571428;0.09698809914285714;0.0;0.0;0.0;0.0
'IITM_HMM_02369_107_A.wav';0.0;143.0978;-0.420026;0.08752744999999999;-0.003550449333333334;0.0;0.0;0.0;0.0;12.44202;-0.1731653333333333;1.4736883333333333e-05;-3.196935666666667e-06;0.00021881410000000002;-1.6016119333333336e-05;-11.23209;-32.99368666666667;4.517719;-3.524919433333334;-13.995219999999998;4.447042666666667;6.187822999999999;44.207899999999995;-2.721121333333334;5.847732000000001;-11.68862;0.9931619999999998;-10.220194999999999;5.922793666666666;30.719603333333335;24.30177;-0.5680513333333334;3.9113296666666666;1.0657192666666668;-2.2027863333333335;0.4166002;0.5030266;-0.3947422333333334;0.31014863333333337;1.4521703333333333;2.313482666666667;1.3227071666666665;-3.2666403333333336;1.5844802666666666;3.4918333333333336;1.3405026666666668;-2.061138666666667;0.4555106666666667;-0.03234829333333333;3.702930666666667;-0.09696693333333332;0.001160846;-9.572903333333333e-05;0.007232538666666667;0.0015722486666666666;0.00026219;-7.943863333333332e-06;17.304623333333335;1.3691284333333336;163.19443333333334;-10.763888666666666;465.27776666666665;-92.01388666666666;625.0;-24.99999;753.4722333333333;-18.402766;2.021818;0.10260989666666666;96681.42333333334;-6181.608;0.05500000333333333;-0.005583333333333333;0.0;0.0;0.7579289666666668;-0.0005435541666666666
'IITM_HMM_02369_109_c.wav';0.0;0.0;0.0;0.030574023999999998;0.0051352012;0.0;0.0;0.0;0.0;-100.0;0.0;2.27423e-06;5.777101e-07;5.490088000000001e-09;4.44004235e-08;14.2767222;6.1955686;-5.2580827999999995;2.9013548;7.818816000000001;0.39764873999999983;-1.81619;-39.30785;26.624471999999997;7.0160614;-7.9139776;9.092972399999999;-1.42890258;6.144391799999999;0.20650338000000007;-5.8163228;2.1281712799999997;-0.6694948459999999;-0.7694531;-0.271194044;0.8799627799999999;-0.465220356;-0.277274266;-0.7435561300000002;0.67251088;1.7845654;-0.6542394;-0.77131886;0.11734978200000006;0.9414525340000001;-0.62266596;-0.43638960000000004;3.727008;-0.047455576000000006;6.5107798;-0.10431736;0.08508870599999999;-0.007512450599999998;0.0030096643600000003;0.0007561431000000001;1.008817822e-05;2.9899117399999998e-06;2.5895868;-0.165521356;4660.4166;-88.12505;5631.2501999999995;-108.75001999999999;6472.916800000001;32.291630399999995;7187.5;-17.708379;-0.09923078999999997;0.08851668599999998;1255538.2;71597.3601;0.68583334;-0.01861667;0.0;0.0;0.0;0.0
'IITM_HMM_02369_111_m.wav';0.0;64.3855275;0.154540405;0.127843075;-0.012498506749999999;0.0;0.0;0.01908353;0.0;11.04896325;0.2406941;1.6158011250000003e-05;-5.83798775e-06;0.0014831202;-0.00037254589999999993;-12.33238;-15.371062499999999;-16.4857775;-13.115259250000001;-10.419461250000001;-10.9886075;-10.9963375;35.875712500000006;28.79195;25.4891825;24.787325000000003;18.1454325;2.98970365;-12.143724249999998;-16.3689525;-14.4348875;0.700983025;1.96380225;2.06561255;2.22120075;1.374235325;0.30064230000000003;-0.3903194;1.6311881750000001;0.7726235;-0.043286999999999964;-0.2596842275;-0.44299955;-1.564914525;-2.35778715;-2.38643975;-1.56850835;0.208612875;0.0008566215000000001;1.529875;0.015308965550000001;0.000186439675;-3.392728e-05;0.0631969625;-0.0020639427500000005;0.0238223725;-0.0035038077499999994;7583.3015;-588.4208000000001;187.5;0.0;187.5;0.5208335;203.125;1.302084;218.75;0.5208335;63.7529025;-6.469511000000001;2180.49675;-136.539325;0.0233333325;-6.250021813225e-05;0.5747215;-0.01878625975;0.7080001;-0.0001229656225
'IITM_HMM_02369_114_k.wav';0.0;0.0;0.0;0.0013878303636363635;0.0006253796545454545;0.0;0.0;0.0;0.0;-100.0;0.0;2.020126409090909e-09;1.1705967462727273e-08;3.7132109272727276e-10;1.8126987999999998e-09;1.2106537272727271;0.30847678181818183;0.676634;-0.5473767272727273;0.3943546727272728;0.5183107272727273;-0.06605266363636364;0.17992903636363636;-0.22181759999999998;-0.04239453636363637;1.3447216363636363;0.6471119090909091;-0.737305;0.07933150000000001;0.7863211818181818;0.08870898181818182;0.847542690909091;0.07203796363636365;0.46610213636363634;-0.45207532727272726;0.30645540727272724;0.5315432999999999;0.20169749727272726;0.30133977272727275;-0.29027423636363636;0.018796866363636363;1.1039290545454543;0.39472269090909085;-0.6167231272727272;0.4454199318181819;0.7744344727272728;0.12194259090909093;0.12484281818181818;0.0788990909090909;6.965064440384091;3.006555909090909;0.030664736363636366;0.017238754545454545;1.3629957272727273e-05;2.7558651454545452e-05;9.332765272727272e-10;5.648454305454545e-09;0.3859660909090909;0.41757723636363636;58.712118181818184;12.026515818181819;148.67424545454546;72.72726363636365;264.20457272727276;153.78788181818183;495.2650909090908;282.2916363636364;0.1272016;0.11662212363636365;369546.36363636365;220946.52727272725;0.974469781818182;-0.030340911181818184;0.0;0.0;0.0;0.0
'IITM_HMM_02369_115_9r.wav';0.0;207.62691999999998;0.187136268;0.053921484000000006;0.011471343799999999;0.08005401;-0.0006844918;0.10807408399999999;-0.0013284097999999999;2.8979258000000003;0.068009586;3.52617608e-06;1.52560512e-06;0.0004068590268;0.000203471506;-10.053718;-12.219084400000002;-1.191142598;-10.820016999999998;-16.377670000000002;1.1187074000000001;-8.8439714;29.088210000000004;11.470430000000002;40.169714;-0.32472379999999995;-31.732403999999995;-17.023912000000003;-13.171332000000001;-10.4722522;-12.2387066;-1.6325072200000001;-3.7100598;0.03242314000000013;-1.0816471;-0.83436646;-0.23233012000000003;-2.2636005999999997;3.8735603399999996;0.90618506;2.8606474000000004;-0.68145886;-3.8999785999999994;0.12439010000000002;0.17899821999999999;-4.9327508;-1.46339054;0.34995252;-0.037993498;3.0879156;-0.40888104;0.015142181179999997;-0.008704568;0.011811295400000001;0.0028071252;0.000521886289;0.000264441062;155.27318999999997;62.454392000000006;187.5;2.7083346000000006;225.00002;-2.083334;368.75;-30.833336000000003;875.0;-283.12498;9.2236998;1.9569816000000002;314851.744;-171956.81699999998;0.067500008;-0.019433332200000004;0.49896404;0.013936068199999999;0.8015846;0.000659177756
'IITM_HMM_02369_116_tB.wav';0.0;0.0;0.0;0.003866648166666667;-0.001225852933333333;0.0;0.0;0.0;0.0;-100.0;0.0;5.318726283333334e-09;-2.821509149999999e-09;4.636407493333334e-08;-2.685475896666666e-08;-0.0593251833333334;-4.294641166666667;-5.1106810000000005;-3.3798811;-2.3083375;-1.0859686166666667;-2.7568398333333337;8.780620666666666;7.059050166666666;4.13961215;1.4277688333333332;1.0071499999999998;2.6926535;1.017322466666667;-3.743504833333334;-2.952112166666667;0.7006470533333333;1.1345561333333334;1.9146880166666669;1.1057980166666666;0.3831310166666666;1.2171586833333334;0.6861132116666666;-3.136109633333333;-2.630221566666666;-2.1205732833333335;-1.1665744833333334;-1.0208903166666667;-1.0213297116666666;-0.27863109999999996;0.9247672333333333;0.8042782333333335;0.19770005;0.012564161166666664;14.275571772008334;1.539398883333333;0.029506810000000005;0.010496060500000001;0.00034422401;-9.272349233333335e-05;1.6594034064999996e-07;-9.7062031e-08;57.6784405;-30.680846383333332;98.95834;-10.763890333333334;140.625;17.708330166666666;213.54166666666666;103.81944333333333;432.29164999999995;177.60418333333334;4.242580833333332;-1.8979536378333333;373500.8;151117.75333333333;0.7350000333333333;0.1122639116666667;0.0;0.0;0.0;0.0
'IITM_HMM_02369_117_9r.wav';0.0;61.16652666666667;0.0;0.03884635666666667;0.009467875333333334;0.0;0.0;0.0;0.0;-25.45269;6.306402000000001;1.0627556333333332e-06;1.0919885666666667e-06;4.697737666666666e-05;4.9856266666666666e-05;-6.7326076666666665;-6.722806666666667;0.21129723333333347;-12.136443333333332;-18.81013666666667;-1.3367638;-5.732747;34.083769999999994;12.450584333333333;28.339963333333333;2.3170737999999997;-20.013266666666667;-14.595873333333335;-4.7298;5.686262999999999;-3.2136964666666668;-1.2024888666666667;-1.2161703333333334;1.5549563333333332;-1.5042650000000002;1.1547305;0.5474337333333333;-1.4297260000000003;1.9808176666666668;-2.4516546666666668;-0.6748194999999999;-1.479317;-2.9888483333333333;-0.4274935666666666;0.6107422666666666;-0.07623253333333332;1.5211819333333334;0.26342376666666667;0.016195371666666666;2.640311;0.08521526333333335;0.001908689;-0.00036611663333333336;0.0035974183333333334;0.0014838193333333333;5.5958160000000006e-05;4.742746333333334e-05;204.60056666666665;-37.78208;166.66666666666666;7.291666333333333;187.5;2.430555666666667;263.8889;34.37500333333333;420.1389;47.222226666666664;10.740832;-1.3736767;43278.80333333333;1236.332;0.03527777666666667;-0.006444444333333334;0.3529412;0.0;0.5027148;0.0
'IITM_HMM_02369_120_J.wav';0.0;0.0;0.0;0.019777978571428573;0.004552814257142857;0.0;0.0;0.0;0.0;-100.0;0.0;3.5305098428571435e-07;3.4195188394285717e-07;2.7191367414285713e-06;9.327358928571427e-06;1.9519674142857142;-4.701824285714286;-7.309705714285714;-5.243248814285714;-3.999328828571429;-3.5235038242857146;-1.3372757271428573;5.625095571428572;38.03205571428571;27.83002714285714;16.46814271428571;11.539078428571429;4.93401642857143;4.585690714285714;3.8577801428571425;-3.0432699999999997;0.8640366714285715;0.11928943957142857;0.22679057142857142;0.45683108571428577;1.0155606857142856;0.6097331142857143;0.08657168571428568;-3.7808111428571434;-2.5534643285714287;-1.8305689285714286;-3.2482933142857138;-3.5051775714285713;-2.7505102142857143;0.45412792857142864;0.2733961571428572;-1.88685387;1.4556904428571429;0.2545086538714286;3.6561930000000005;0.5326487414285715;0.06013468468571428;0.012816505771428571;0.002832179857142857;0.0008522126999999999;1.4514637571428571e-05;2.8202864857142863e-06;2674.3536462857146;-1022.9901725714286;1794.642857142857;313.2441035714286;2220.238142857143;391.66671071428567;2708.3332857142855;490.47623571428574;2882.4402857142854;534.2262428571429;30.85944871428572;-9.90940341428571;1524333.0257142857;278745.70714285714;0.2428571342857143;0.048523815428571426;0.0;0.0;0.0;0.0
'IITM_HMM_02369_121_A.wav';0.0;135.58993333333333;-0.06695892333333332;0.11763620000000001;-0.0036209356666666664;0.0;0.0;0.006318580666666667;0.0;20.72909;0.5557474333333333;4.930203333333334e-05;-2.8407407666666666e-06;0.00016854323333333332;-2.5758676666666665e-05;-15.944593333333332;-13.340179999999998;4.596017666666667;-1.4787336233333332;-9.483514999999999;0.3171869666666667;2.383684666666667;43.21618333333333;-12.713403333333334;10.787746666666665;-2.7328913333333333;2.1210521;3.9087976666666666;20.25915666666667;30.59848333333333;4.016361333333333;-0.5848198;-0.27688489333333327;1.0210991999999999;0.8441354666666667;0.16540589000000003;0.39949876666666667;-0.16495843000000002;0.4954251666666667;-0.013834253333333324;-0.3891265333333333;1.0271915;1.8987923333333334;0.7657137333333334;-0.6434569666666667;0.4337610666666667;0.45807086666666663;0.38783473333333335;-0.014725719333333333;3.5982979999999998;-0.07362052333333334;0.001690766;-0.00019869496666666668;0.006466540999999999;0.0007448442933333335;0.0004567833666666667;-2.567303e-05;12.375206666666665;-0.13161543333333328;135.41666666666666;-5.555554333333333;166.66666666666666;-5.555554333333333;684.0277666666667;-34.374999;791.6666666666666;8.680559;2.2861930000000004;0.02991934;147296.16666666666;-2715.898333333333;0.03527778;-0.0008888886666666666;0.09242149;-0.006773398999999999;0.7911807;0.0007115032333333335
'IITM_HMM_02369_122_tB.wav';0.0;0.0;0.0;0.008464402000000001;-0.0032360059833333333;0.0;0.0;0.0;0.0;-100.0;0.0;9.294229674333334e-08;-5.3666072249999996e-08;1.0442324094633332e-06;-6.173216311666668e-07;-3.3608093999999995;0.5555181666666665;1.7115424666666665;-5.332476833333334;-5.414680550000001;0.7448190500000001;1.9426366666666668;16.44150555;12.866372166666666;8.59979275;11.318512333333333;6.177868166666666;3.9601069999999994;11.003600716666668;15.2935435;7.129301966666667;0.7535130616666668;-0.7316485766666667;-2.3676659;1.8504355833333335;0.9256648000000002;-0.94077325;-0.38064206333333334;-5.118110333333333;-2.5692231833333334;-1.7773396166666666;-2.2621227999999998;-1.4790793500000001;0.11108303333333329;-2.7955799999999997;-7.2856525;-2.9272443999999997;0.23249422833333333;0.12487487500000001;19.734231052670832;1.4030552000000005;0.03248330518333334;0.0304918545;0.0023003225533333336;-0.0004976197466666667;7.719070227471667e-06;-4.371311284833334e-06;467.54221455;-157.7570233333333;92.01388166666668;12.673610333333334;223.9583266666667;129.16667716666666;430.5555166666666;366.14583383333337;560.7638166666667;491.49304666666666;12.818779466666664;-3.71198145;488078.37166666664;483269.88000000006;0.559722245;0.133444455;0.0;0.0;0.0;0.0
