name;frameTime;F0final_sma;F0final_sma_de;audspec_lengthL1norm_sma;audspec_lengthL1norm_sma_de;jitterDDP_sma;jitterDDP_sma_de;jitterLocal_sma;jitterLocal_sma_de;logHNR_sma;logHNR_sma_de;pcm_fftMag_fband1000-4000_sma;pcm_fftMag_fband1000-4000_sma_de;pcm_fftMag_fband250-650_sma;pcm_fftMag_fband250-650_sma_de;pcm_fftMag_mfcc_sma[10];pcm_fftMag_mfcc_sma[11];pcm_fftMag_mfcc_sma[12];pcm_fftMag_mfcc_sma[13];pcm_fftMag_mfcc_sma[14];pcm_fftMag_mfcc_sma[15];pcm_fftMag_mfcc_sma[16];pcm_fftMag_mfcc_sma[1];pcm_fftMag_mfcc_sma[2];pcm_fftMag_mfcc_sma[3];pcm_fftMag_mfcc_sma[4];pcm_fftMag_mfcc_sma[5];pcm_fftMag_mfcc_sma[6];pcm_fftMag_mfcc_sma[7];pcm_fftMag_mfcc_sma[8];pcm_fftMag_mfcc_sma[9];pcm_fftMag_mfcc_sma_de[10];pcm_fftMag_mfcc_sma_de[11];pcm_fftMag_mfcc_sma_de[12];pcm_fftMag_mfcc_sma_de[13];pcm_fftMag_mfcc_sma_de[14];pcm_fftMag_mfcc_sma_de[15];pcm_fftMag_mfcc_sma_de[16];pcm_fftMag_mfcc_sma_de[1];pcm_fftMag_mfcc_sma_de[2];pcm_fftMag_mfcc_sma_de[3];pcm_fftMag_mfcc_sma_de[4];pcm_fftMag_mfcc_sma_de[5];pcm_fftMag_mfcc_sma_de[6];pcm_fftMag_mfcc_sma_de[7];pcm_fftMag_mfcc_sma_de[8];pcm_fftMag_mfcc_sma_de[9];pcm_fftMag_psySharpness_sma;pcm_fftMag_psySharpness_sma_de;pcm_fftMag_spectralEntropy_sma;pcm_fftMag_spectralEntropy_sma_de;pcm_fftMag_spectralFlatness_sma;pcm_fftMag_spectralFlatness_sma_de;pcm_fftMag_spectralFlux_sma;pcm_fftMag_spectralFlux_sma_de;pcm_fftMag_spectralHarmonicity_sma;pcm_fftMag_spectralHarmonicity_sma_de;pcm_fftMag_spectralKurtosis_sma;pcm_fftMag_spectralKurtosis_sma_de;pcm_fftMag_spectralRollOff25.0_sma;pcm_fftMag_spectralRollOff25.0_sma_de;pcm_fftMag_spectralRollOff50.0_sma;pcm_fftMag_spectralRollOff50.0_sma_de;pcm_fftMag_spectralRollOff75.0_sma;pcm_fftMag_spectralRollOff75.0_sma_de;pcm_fftMag_spectralRollOff90.0_sma;pcm_fftMag_spectralRollOff90.0_sma_de;pcm_fftMag_spectralSkewness_sma;pcm_fftMag_spectralSkewness_sma_de;pcm_fftMag_spectralVariance_sma;pcm_fftMag_spectralVariance_sma_de;pcm_zcr_sma;pcm_zcr_sma_de;shimmerLocal_sma;shimmerLocal_sma_de;voicingFinalUnclipped_sma;voicingFinalUnclipped_sma_de
'CMU_HMM_0027_1_A.wav';0.0;239.41043750000003;0.0334490275;2.051570375;0.12090544225;0.005912738000000001;1.750428175e-05;0.007894818625;-0.00015170643875;10.37321475;-0.0472109690125;0.8586628125;0.1493452475;2.6285512125;0.54150957;-34.167893750000005;-40.31720875;-17.120825;-8.773912;-28.110032500000006;-2.5028762912499998;-9.109031750000002;25.5623525;-23.2524075;18.115764000000002;-11.58667005;21.91920675;-25.274848749999997;-13.956327712499998;-10.133009125;-19.611055625;0.5041552250000001;0.043922825000000054;-0.0703767599375;0.86612989;0.7788099999999999;0.577533175;0.72381341;0.48716382125;-0.9662550624999999;1.8710202750000002;3.3149887875;2.1803102125000002;1.0619801125;-3.22641031375;-0.4522798374999999;-2.4710588624999996;0.4634982875;-0.01694935475;3.185351125;-0.12464541375000002;0.004598619000000001;-0.00067642870375;0.5520580875;0.04505205675;3.1229068;0.5169439374999999;14.579590000000001;-0.5145196375000001;222.65625;-2.083332875;273.4374875;-16.40625175;430.9896;-54.29687700000001;1423.17725;33.3333175;3.035548875;-0.05559277374999999;383121.5125;-13253.335625000002;0.05875000000000001;0.0034479162499999995;0.17849097875000003;-0.004768387292499999;0.804502125;0.00011402575825
'CMU_HMM_0027_2_rr.wav';0.0;228.3065;0.0;1.426966;-0.09567643;0.0;0.0;0.0;0.0;18.495739999999998;0.0;0.11404085;-0.01607942;1.3371275;-0.06320078;-25.630184999999997;-24.07113;-18.94571;-23.626495;-14.488925;-25.41778;-10.2753865;31.871760000000002;-18.474505;28.30023;-25.17391;-43.032625;-33.24858;0.08988250000000009;-7.193446499999999;-17.1834;0.56534789;0.8922348;1.47118135;-1.2959645;-1.5637524999999999;1.22001675;-2.271101;-0.62248825;2.193901;0.45773868999999995;1.02536825;-4.796538999999999;0.52108174;-3.3954595000000003;-3.8486865000000003;-1.0732287;0.4524441;-0.006292309207;3.2128799999999997;-0.080478355;0.001528762;8.152284999999999e-06;0.19564320000000002;0.055153905;1.1519635;-0.13584125;19.547545;6.054879;234.375;2.0833315;343.75;25.520834999999998;468.75;-9.8958305;656.25;-44.27084;3.828328;0.42135900000000004;208691.65000000002;-13449.41;0.06666666;-0.002958332;0.07745101;0.0;0.843298;0.0
'CMU_HMM_0027_3_i.wav';0.0;286.86098571428573;0.17756375857142861;1.1264764571428572;0.09444982571428572;0.02176771714285714;0.0001560785571428571;0.030557442857142857;-7.31648942857143e-05;10.109897;-0.02565234622547;0.09863625428571429;0.013280560142857143;8.945434328571428;2.7312214028571424;-4.261846142857143;-54.95715571428572;-10.699546714285717;-19.26143285714286;-13.872161142857141;-0.41059800000000024;1.6472138571428576;14.856044285714287;10.96520057142857;48.50996571428572;-49.93274142857143;-33.949087142857145;-30.34821142857143;-17.10465242857143;-58.692117142857136;-19.777215714285717;-0.31686456;-1.3671817857142856;0.32962959714285717;1.1904658085714286;2.3171118571428573;2.7770783142857143;3.4621266142857143;-0.1547624571428571;0.003271857142857128;-1.129779557142857;1.3958975285714286;0.39851414285714293;0.6255089957142859;-3.4307345;-1.4628656285714285;-1.3194006857142857;0.4071647428571429;-0.010738986571428574;2.2957095714285716;-0.14210477971428573;0.0020098003857142856;-0.00021530074714285716;0.8453048571428571;0.10806754;3.8954565571428574;1.2193227830285713;72.69235857142857;21.24659324285714;263.39285714285717;4.464285428571428;272.32142857142856;1.7857132857142857;299.10714285714283;4.464285428571428;1066.9643857142858;-148.51189285714287;6.925693714285714;1.1258173;433454.9542857143;-58946.54428571429;0.05809523714285714;-0.0007500005714285717;0.23207371428571427;0.0017278547142857141;0.8031061;0.0006591654
'CMU_HMM_0027_4_m.wav';0.0;271.5943;0.0;0.64341165;-0.05718292;0.0;0.0;0.0;0.0;29.845470000000002;0.0;0.001507681;-0.0002939894;2.21;-0.20259755000000002;-16.23327;-24.193385;-20.758589999999998;-5.182352;-4.6576889999999995;-5.584042999999999;3.0032585000000003;35.382310000000004;21.750525;16.405195;1.5073609000000001;-12.318135000000002;-14.946155000000001;-19.23055;-25.304465;-22.165545;-2.5759535;-2.572508;-3.19939;1.3131624000000002;-0.03646809;-0.5488796;1.5806304999999998;0.361063765;-0.9044517000000001;-0.012654800000000008;-1.633441;-2.1578605;-3.6607055;-2.7538135;-2.4839355000000003;-5.2967525;0.29130435;0.0046363515;1.862684;-0.0747901;0.00064860575;-9.3243915e-05;0.29668505;0.041391125;0.7059655;0.03542549;3296.0065;669.1386500000001;250.0;3.6458325;265.625;5.72917;281.25;0.0;286.45835;6.770833999999999;40.658045;2.4129355;6554.0985;-918.5928500000001;0.032916665;0.00054166655;0.0;0.0;0.7798385999999999;0.0
'CMU_HMM_0027_5_enas.wav';0.0;326.894875;0.3620009732500001;1.4119504;0.03984825500000001;0.007970623;-0.00013317126749999998;0.008253058125;-0.00011389604125;19.624802499999998;-0.087140535;0.08849303875;0.0009757997500000003;14.766554;2.0812183;-4.7144157;-35.687979999999996;4.3835000375;3.7505887500000004;-2.5888277250000002;13.60680975;19.764236249999996;27.68814125;2.14714275;18.9229075;-53.38081375;-50.600058749999995;-16.3519925;-9.4324024375;-59.15257125;-39.394755;-1.0118048125;1.0781467624999999;2.2674513750000003;1.7559838499999998;0.9451105625000001;1.8271957375;-0.611228175;0.92357808625;1.01650076;-0.5457093000000001;1.7614736125000001;-0.07517311237500002;0.10842422500000015;-2.513543225;-1.292545305;-0.6207322125;0.3785251625;-0.0015584186125;1.82669725;-0.05728162375000001;0.00043417703750000007;-9.6388805e-05;0.5844299;0.03424297750000001;7.181802375;0.9309652125;213.09388124999998;159.7687528125;304.6875;3.6458333749999996;320.3125;3.3854169999999995;335.9375;3.6458333749999996;398.4375;-25.52083625;12.300049249999999;2.4412479974999997;50968.918750000004;-9371.512125000001;0.04041666875;0.00016666626813226248;0.0563260125;-0.00015938320000000002;0.8557998749999999;0.0005522823599999999
'CMU_HMM_0027_6_s.wav';0.0;0.0;0.0;0.064817565;-0.002583543425;0.0;0.0;0.0;0.0;-100.0;0.0;4.70615275e-06;6.689336999999999e-07;0.00019808433925;-0.000112506535;-9.81515;-0.3619924999999995;-4.84794175;11.1033215;7.9472705;5.834623499999999;1.5011294999999998;-13.55420525;34.9098175;6.37858425;12.406635000000001;-15.258369499999999;1.7280465000000005;-8.440060900000002;-11.48895925;-15.94585875;9.2280955;5.265098999999999;3.4490190000000003;2.173489625;2.02824595;0.25123095;-1.2572478925000001;-2.97915;-3.97177675;-1.317027125;-0.17726107500000005;3.7470470000000002;7.071726749999999;8.93600075;8.844118;9.8843795;3.1644482500000004;0.480969475;4.96415475;0.485705875;0.063378835;0.020334985;0.01022413325;0.00039932865749999993;0.000132985885;-5.0288615e-05;7.6510299999999996;0.15029917499999995;3140.624925;1122.395825;5052.08325;901.8229249999999;5356.771000000001;1000.78135;6908.853999999999;170.833375;-0.9715873750000001;-0.690954625;4692357.25;-176637.60000000003;0.527916675;0.0711666725;0.0;0.0;0.0;0.0
'CMU_HMM_0027_7_A.wav';0.0;222.71881111111114;-0.004963877222222221;0.6205845499999999;0.011951858055555554;0.016527492166666668;-0.00021713714088888886;0.01702418733333333;-0.00031019459294444443;4.670430777777777;1.1934747878333334;0.032104856688888884;-2.004783166666669e-05;0.25191119737222223;0.027712232772222203;-30.51964888888889;-31.84367277777777;-17.739092166666666;-17.477632388888892;-23.48072966666667;-5.714756194444445;-10.672831388888888;27.110388333333336;-20.460508666666666;11.840231500000002;-24.217853333333334;11.522791111111111;-26.05762611111111;-15.931370927777778;2.2231885;-19.94513427777778;-0.8334692116666668;-0.43270380222222216;-0.7222383322222224;-0.7094541500000001;0.06416364999999999;-0.28157927333333344;-0.40925176099999994;1.0467368722222223;1.075445336111111;0.8515926777777776;0.018003166666666705;-1.21848225;0.1650659499999999;0.7972296722222221;-1.4051736388888891;-1.533691511111111;0.7230258944444443;-0.031586030277777774;3.8194488333333343;-0.17333816677777783;0.006866897922222221;-0.0016101012411111112;0.18395034944444447;0.022111978833333337;0.21819253361111113;0.021219551666666666;148.6028797222222;14.837664652777777;501.73613333333327;-19.791667333333333;795.1389444444444;-31.944445000000005;1096.6434611111113;-62.38426361111112;1357.0601444444442;-80.09259898849832;4.909508383333333;0.41178622522222225;455714.1165;-42423.5295;0.10893517666666667;-0.006384259777777779;0.08377847327777778;0.0006390854744444445;0.8055116611111112;0.0023877891700000006
'CMU_HMM_0027_9_s.wav';0.0;0.0;0.0;0.068924225;-0.003320436333333333;0.0;0.0;0.0;0.0;-100.0;0.0;8.9253185e-06;5.5477433333333395e-08;0.0001342075117;-7.96216776e-05;-1.7340543166666664;-1.8173964999999999;-1.205814116666667;5.26273865;2.490755866666666;1.1112763;5.808231833333333;-16.3113075;23.435826666666667;2.3847226166666666;6.614934866666666;-11.207444;6.889888166666666;3.941028166666667;1.3088230000000003;-11.421128833333336;5.487909466666667;4.227752666666667;2.3117680833333334;1.694629833333333;0.604410725;0.6062496333333334;0.2352347366666667;-2.7374631383333337;-2.0311108333333334;-0.7817456999999998;-1.4133030333333334;1.7429542033333334;1.5978536666666667;3.7061766666666665;4.525240166666667;7.168228666666667;3.651586333333333;0.2529712;5.365345666666666;0.39815280000000003;0.10670238666666669;0.019500016666666665;0.009304307333333334;-0.0004590531166666666;9.436578e-05;-3.145122599999999e-05;8.050271666666665;-0.4148184566666666;4906.249833333334;369.09716666666674;5717.013833333333;509.54850000000005;5930.5554999999995;623.4375416666667;6694.444333333333;298.61110833333333;-1.4085983999999998;-0.38003335;2925593.1666666665;-42579.03750000003;0.6423611333333333;0.027666664999999997;0.0;0.0;0.0;0.0
'CMU_HMM_0027_10_l.wav';0.0;77.10482;0.03978445;0.32112540000000006;0.03521967333333333;0.0;0.0;0.0;0.0;3.772831;-3.3529176666666665e-05;0.00017874769999999998;3.1732036666666665e-05;0.14453659666666666;0.07242112333333334;-12.859016666666667;-26.92372;-8.117816666666668;-19.80734;-33.92112;-15.868316666666667;-14.689126666666667;25.512960000000003;31.764750000000003;37.261343333333336;-30.79544;2.9402573333333333;-33.93666666666667;-22.029443333333333;-15.198563333333333;-20.14446333333333;-0.6094813333333333;-1.3797336666666666;-1.7887511333333332;-1.5260610000000001;-0.7157904333333333;-2.2542096666666667;0.2978421666666667;0.7283861333333334;0.8691336000000001;-0.22360513333333334;-1.0890586000000002;-0.9162588666666668;-3.521091666666667;-2.336241;-1.5074997333333335;-2.7500323333333334;0.26192773333333336;-0.0005514661333333332;1.8595406666666665;-0.060057610000000004;0.0007249398333333333;-0.00024763413333333336;0.17039236666666668;0.015503174;0.18460854333333332;0.07011577333333334;598.2067666666667;120.15593333333334;218.75;0.0;218.75;2.430555666666667;250.0;0.0;250.0;2.430555;22.27961;2.314443;35334.549999999996;-8930.130666666666;0.03277778;-0.0019444436666666667;0.0;0.0;0.7319210333333334;0.0005822635333333333
'CMU_HMM_0027_11_e.wav';0.0;219.86305000000002;-0.048846795;0.7310763166666666;-0.026454464166666664;0.0012429365;-1.4681266666666666e-05;0.0023778675000000003;-5.344266666666667e-05;17.807291666666664;-0.0031460278333333342;0.0145064215;0.0011044825333333334;0.6729832666666665;-0.12224125500000001;10.536386666666667;-23.82939;-8.456340166666667;-13.072251666666666;-21.871595;-15.004395;-16.87796;24.646933333333333;12.6544245;43.897751666666665;-50.931556666666665;-43.41291166666667;-26.949551666666665;4.025950166666666;-49.70317;-10.469926833333334;-2.04149795;-0.14824820000000002;-0.7389825333333334;-0.9138861666666666;-1.4357721416666667;0.055436579999999985;-0.27579476166666667;-1.317443366666667;-1.6054545833333336;2.0611926666666665;-0.8137956999999999;1.2394196083333333;0.30439996666666674;3.5838626666666666;-1.705257566666667;-2.6128171;0.46503995;0.0076388429499999995;2.695129;0.10761444066666666;0.0010744336166666668;0.00018435275675000002;0.2025619666666667;0.010125555;0.44632411666666666;-0.07088102683333333;64.66169666666667;-15.669065166666668;322.9166666666667;-30.034723333333332;427.0833333333333;-16.840276666666668;451.38888333333335;-2.9513895;798.6111666666666;236.11111666666667;6.6565088333333335;-0.9875636166666667;234317.17;91550.4085;0.07597221333333333;0.0078611115;0.06421447500000001;9.060082916666668e-05;0.8336861666666667;-0.0005209886499999999
'CMU_HMM_0027_13_e.wav';0.0;267.30177999999995;0.56860628;0.6190055400000001;0.0296442706;0.014254524000000001;0.0;0.01605170732;9.162316e-13;9.605427;-0.09774355199999998;0.016603241999999997;0.00048650625999999993;0.212843422;0.1139248938;0.8385064799999998;-23.712419999999998;-3.719727;-14.0012854;-13.3203;-17.013796000000003;-15.755358000000001;18.502074;0.22565945999999987;39.94365200000001;-60.19744999999999;-43.198844;-19.772188;15.564005;-47.841594;-26.411736;-0.97750336;-2.4864295;1.3606440000000002;3.899446;3.4983244;2.22112586;1.36779664;2.088741008;0.82896638;-2.2475520999999996;-4.453268799999999;-2.7233323999999994;1.82562918;0.023428999999999967;-2.5250642599999997;0.51399462;0.59029854;0.0030801599999999985;3.3933442;-0.023024165999999992;0.0037353997999999998;-0.00035828373999999996;0.213804318;0.06540329;0.11705924000000001;0.057529064;16.8840718;13.3541666;350.00002;15.416664000000003;379.16668;13.333335999999997;572.9166600000001;20.416667999999998;1779.1667999999997;-57.29167199999999;3.0996238000000003;0.6937976600000001;646095.3600000001;-52037.394;0.08866666599999999;-0.0015166664;0.0621078392;0.0;0.7704971800000001;0.0021190522000000002
'CMU_HMM_0027_14_k.wav';0.0;0.0;0.0;0.05026233333333333;-0.008651202666666667;0.0;0.0;0.0;0.0;-100.0;0.0;2.0366043333333334e-06;2.9554969000000005e-06;0.00190845861;-0.0010072167666666668;-21.219939999999998;-9.754299333333334;-9.691864666666666;-3.5730013333333326;0.10288923333333362;-0.17819436666666663;3.1826343;16.951000333333337;20.595816666666664;19.62061;5.0168933;6.3102872;-2.010470333333333;-8.328063666666667;-17.621145;-15.813925333333332;3.752132333333334;9.037340333333333;7.088083;5.517201333333333;5.779257;4.369959000000001;1.9556796666666667;-8.205972000000001;-1.348548;0.7908594666666665;-4.893981;3.2270366666666668;3.8211896666666667;3.4874840000000003;5.696762333333333;8.762819333333335;0.28915206666666665;0.18015946333333333;2.194304333333333;0.37004522;0.012881583666666668;0.014167420666666666;0.03144238333333333;-0.0033472090000000003;0.0013650328533333332;-0.0007197240333333335;1457.0039;-717.0016666666667;156.25;45.13889;180.55553333333333;238.19446666666667;541.6667666666666;610.4167666666666;722.2221;787.1528;25.611906;-9.699164666666666;535488.84;691425.2666666667;0.051944446666666665;0.034833332333333335;0.0;0.0;0.21681643333333334;0.0
'CMU_HMM_0027_15_i.wav';0.0;79.79626999999999;0.0296003435;0.6802283250000001;0.060100309;0.0;0.0;0.17434885000000003;0.0;5.00235425;0.3041304;0.00893832425;0.0008865578999999999;3.147248775;0.91151595;-7.2004485;-42.521785;17.4699775;7.671244;15.59667;17.98265;13.2149875;13.368724999999998;17.075290000000003;52.0296875;-50.7951825;-13.23507825;-36.6415475;-41.0619475;-66.548315;-34.021845;-0.3415537175;0.545462375;1.4067636749999999;0.8916347250000001;0.3705487999999999;1.19483555;-0.7462406774999999;1.53505045;-0.48819409999999996;-1.594147225;1.966947225;-4.49464175;-1.297576275;-2.5085084999999996;-3.092822475;-1.391862525;0.371709475;-0.00803602325;1.7911377499999999;-0.09509433999999999;0.0007700703;-0.0002866825;0.5244705;0.061262867500000005;1.6845377250000002;0.48352024999999993;237.2185575;118.5255875;296.875;4.947917749999999;312.5;0.0;328.125;6.770833999999999;343.75;0.0;13.551726500000001;3.4210915;152267.4425;-65846.83499999999;0.0645833425;-0.0147291665;0.7456318;-0.023698393;0.73344965;7.44408e-05
'CMU_HMM_0027_16_J.wav';0.0;168.83257500000002;0.15163232125;0.12438488624999999;0.0054124166249999986;0.00459718125;0.0;0.1385372775;0.0;-30.763301249999998;-2.5317151375;1.14752685e-05;4.57607066225e-05;0.0143327828075;-0.00147103225;-16.634920125;-16.289137999999998;-19.020575375;-11.241841625;-15.862003749999998;-9.52012225;-8.990016624999999;8.81984275;40.95813875;14.242560750000003;10.920929;-0.7779282625000004;-8.894975624999999;0.9793354999999998;-17.736103749999998;-17.72403875;1.8869637125;2.458719475;1.2858503000000001;0.06526194499999993;-0.17887989750000005;0.31698168875000005;-0.13578202500000003;-4.55173625;-1.675711475;-1.7283886249999998;-2.488679325;-2.09986811375;-2.8427426000000002;1.0096370375;-0.004058837500000051;1.4579679;1.528549475;0.22154321075000002;3.490434375;0.37270941112499995;0.036143103665;0.006621205347500001;0.07471274;0.007207435999999999;0.0368042229375;-0.01139155275;3754.2620678750004;-1296.3637725;1834.6355;299.21880875;2167.96875;369.921828125;2313.8020375;393.619717;3295.5730000000003;432.8124375000001;30.668242737499995;-8.534952924999999;1844444.037;285235.73487499997;0.3073958375;0.04810417137500001;0.11337064050000001;-0.004192521875;0.7200441375;-0.0034880867375000004
'CMU_HMM_0027_18_g.wav';0.0;66.08319750000001;0.037659975;0.2437768;-0.039606115;0.0;0.0;0.0;0.0;12.296575;-0.0320062525;3.5505473750000004e-05;-1.61809575e-05;0.0431240975;-0.014926837500000002;-16.77709;-23.688812499999997;-0.37041749999999984;2.535924375;-7.98504275;-9.92529025;-6.15048625;49.8937425;29.16102;15.242404999999998;-12.511385500000001;-18.1455425;-34.535725;-1.2391664999999996;-8.642823;3.2034467250000005;0.556699125;1.6481886499999998;-3.1850585;-1.7234213649999999;-0.8000175225;-0.6010051000000001;0.4409882249999999;-1.13856501385;2.05378075;0.2283982;2.27991615;0.9587663249999999;1.6019667499999999;-2.0904034;-0.5242481025;-1.493217525;0.309761025;-0.01580839;2.6083732499999996;-0.10686746;8.69522125e-05;3.6003565e-05;0.059615395;0.00994732875;0.041778205;-0.011552021749999999;107.0312375;46.91678374999999;195.3125;-2.8645825;257.8125;-23.4375;377.604175;-25.7812485;414.0625;-3.64583425;3.34429825;1.098599185;13393.897500000001;-933.5090000000002;0.026250000000000002;-0.0006041667875;0.07026883;0.0;0.7118714;-0.00038487625
'CMU_HMM_0027_20_hv.wav';0.0;234.24768333333336;0.5826447333333333;0.42779865;0.04745453433333333;0.0053218918333333325;-3.0357593333333333e-05;0.005414293166666667;4.0805965e-05;25.123226666666664;-0.28369447833333333;0.000478161;1.652456333333333e-05;0.5003035066666667;0.349700725;-33.608153333333334;-34.347335;-27.054301666666664;-23.161193333333333;-18.576463333333333;-17.257903333333335;-13.635481666666665;32.82528666666667;14.091471333333333;22.527258333333332;-11.478375333333334;-1.4173815;-21.082669999999997;-12.128384833333334;-12.238079333333333;-29.018528333333336;-1.5080137833333334;-1.8096041999999999;-2.942245233333333;1.7482613;1.7769181666666667;-0.5047725666666668;0.25137988;1.7696754499999996;2.2560925;-2.6941288333333335;-1.9957875999999999;-3.0266904999999995;-1.1666310333333334;-4.308249666666666;1.4830227000000002;0.7244573666666666;0.2520668;0.0034975175500000003;1.5898978333333333;0.008716907250000001;0.00031735178333333337;-5.7256586666666665e-05;0.19889100333333334;0.06482133166666668;0.49524714999999997;0.2772283483333334;1619.5705166666667;158.99006833333334;218.75;0.0;223.95833333333334;3.9930555;239.58333333333334;4.861111;251.73611666666667;2.6041665;31.50704;0.25927431666666645;8387.530833333332;-1971.0409333333334;0.028055555;0.0002777779833333333;0.064118495;0.0016699604166666663;0.8151628000000001;0.00012129430166666667
'CMU_HMM_0027_21_nB.wav';0.0;143.65746666666666;-0.005042983333333333;0.4824228333333334;-0.05999189166666668;0.0;0.0;0.0009231636666666666;0.0;-46.913965;-0.0077128100000000005;0.0007673108;-0.00016470870666666665;1.0400415983333333;-0.48687913999999993;-12.885663166666667;-20.950771166666666;-15.1109;-22.368448333333333;-19.319888333333335;-10.957542166666665;-9.676040166666665;34.005318333333335;14.802735499999999;20.782461666666666;-14.13225916666667;-25.450571666666665;-23.055641666666663;-6.110188923333333;-19.227259999999998;-27.559598333333337;4.4701265;4.0276492;1.8026758833333332;-0.37137531499999993;-1.9808090333333332;-1.6074839783333337;-0.7897076499999999;0.15611333333333346;1.64785845;2.3189201666666666;7.126843666666667;3.99725965;2.832883366666667;1.7233155166666665;-0.5749618333333334;2.4904586833333338;0.30865940000000003;-0.0115206525;2.2997211666666666;-0.035899900000000005;0.0014221147333333334;-2.7062466666666633e-05;0.4914017;-0.006887674833333332;0.6162288633333334;-0.14070554166666663;1113.2063;416.29439499999995;223.95833333333334;-10.069446333333333;255.20833333333334;-10.069445666666667;302.0833333333333;-7.638891666666669;369.7916666666667;-10.069443333333334;18.981891666666666;3.247561466666667;31480.820333333333;-980.2021666666666;0.03875;-0.0008888884999999997;0.13925473333333332;0.0;0.7637127333333332;-9.11341333333333e-05
'CMU_HMM_0027_24_i:nas.wav';0.0;255.81904117647056;0.38962039764705886;0.24572706470588238;-0.000765197294117647;0.045838868588235285;-0.00028548248470588235;0.04702165452941176;-0.00023590677935294112;17.101194294117647;0.028341242;0.00023426693411764707;-2.0648441411764688e-06;0.195285895;0.01776474681764706;-21.670128823529414;-14.74566105882353;4.383963252941177;-5.961749847058823;-5.570132505882352;6.1817046294117635;-1.9660495294117641;27.791914117647057;25.80201529411765;33.989833529411754;-27.92182705882353;-4.474489129411764;-2.3410511176470576;-28.11035894117647;-47.43552764705882;-4.403406747058824;-0.3545610470588236;-0.2273172616470589;1.0684802447058825;0.18483380588235296;1.2771080764705882;1.3829417470588234;0.5903156235294119;0.1437713058823529;-0.9587369764705881;-1.5645890270588234;-0.9011835935294116;-1.814402185882353;-1.8271578764705882;-2.3835237823529414;-0.13587448823529408;-1.3283352670588235;0.2903218294117647;0.008479100005882357;1.979821823529412;0.029705087470588244;0.0007294332294117646;5.545765782352941e-05;0.12312040523529412;0.016230009176470585;0.12319724517647059;0.005350383941176471;954.4138111764706;58.001837647058814;227.94117647058823;7.2303921764705885;244.4852882352941;7.169117411764708;277.5735294117647;9.374999764705882;331.49510588235296;8.578431117647057;24.17376076470588;0.33294796470588217;51921.716529411766;148.1428764705885;0.0324509788235294;0.0009901961205882354;0.15261027470588234;-0.0009103596076470589;0.7945101647058824;-0.00022660288647058824
'CMU_HMM_0027_25_kh.wav';0.0;0.0;0.0;0.0896313525;0.0077900849999999995;0.0;0.0;0.0;0.0;-100.0;0.0;9.28769975e-05;2.34657325e-05;2.487195e-06;4.09344125e-07;-5.7137720000000005;16.9937625;10.795933;7.849918499999999;6.2878567499999996;-1.9979023249999999;4.53672275;-18.516779999999997;12.86601425;8.98856375;-30.531732499999997;5.5141867;3.2533905;3.430842325;-6.360949;15.9570075;1.187708625;1.2789130000000002;0.8438917950000001;0.7109166750000001;1.18357445;-0.9653579;0.6901051500000001;-1.0953272475;2.1770275;1.80565325;0.07795672025;1.5916812249999999;-0.08667197500000001;1.0696842;3.4425545;1.257309;2.7001067499999998;0.0423266305;6.425793500000001;-0.1719242625;0.15575725;-0.025055025;0.007943417250000001;0.002007648;6.775400249999999e-05;1.903692e-05;4.39457925;0.36875195;3505.2084999999997;59.635442499999996;4408.85425;83.0728625;5307.291499999999;9.114538;5692.70825;-29.166712207032504;-0.802301175;-0.04307978;1733197.0;-187714.80000000002;0.51041665;0.02491667525;0.0;0.0;0.24362015;0.0
'CMU_HMM_0027_26_i.wav';0.0;76.7452175;-0.0995101375;0.5704326750000001;0.043971114;0.0;0.0;0.0;0.0;4.9667335;0.31206922499999995;0.00394050825;0.0008194377750000001;0.464314625;0.10434878675;11.3925025;-33.717845;-10.168415;-17.548825;-29.541572499999997;-22.5895575;-20.4409725;25.825835;18.06785;48.6421575;-41.4514875;-36.61623;-35.7021675;-2.990490925;-38.271455;-14.661125;0.523737775;-1.2642089150000002;-0.531261475;-0.93808725;-1.058912975;-0.952417275;-0.47311050000000004;1.9765884999999999;0.8367079875000001;3.662452;0.8862734750000001;-1.726409475;0.11359730000000001;0.3070513325;-1.3708824;-0.373111175;0.35193104999999997;-0.020003367499999997;2.642314;-0.16247675;0.001667879675;-0.000778397175;0.269185825;0.0210518875;0.34025878499999995;0.10900426749999999;119.90337249999999;22.33;218.75;0.0;247.395825;-3.90625;406.25;-42.7083375;481.770825;-10.677086000000001;9.1609665;0.93256105;112169.73;-38970.0075;0.0656249925;-0.020437501;0.25037015;0.0;0.7239942500000001;0.00014554271249999997
'CMU_HMM_0027_27_rr.wav';0.0;213.6031;0.0;0.39425705;-0.039260855;0.0;0.0;0.0;0.0;26.803959999999996;0.0;0.00067153875;-0.00017650720000000002;0.18619714999999998;-0.05080482;-4.2544805000000006;-12.412665;-2.923703;-15.248715;-21.631214999999997;-7.7865115;-13.29655;39.849689999999995;13.874735000000001;48.617175;-13.601315000000001;-46.339195;-27.496105;-6.863403999999999;-23.1727;-19.26688;-1.7482610000000003;-1.2443517499999999;-2.397224;0.7129052499999999;0.51727285;0.19446010999999996;-0.39533815;-1.6934394999999998;1.244246;-4.4793055;-0.10466249999999996;2.569309;0.241750545;2.506058;1.232068;0.178648755;0.31984464999999995;-0.0046893225;2.5007685000000004;-0.02328775;0.000165045;9.180335000000001e-05;0.12159414;0.02216559;0.13388139999999998;-0.033753939999999996;165.45315;20.202745;218.75;0.0;234.375;-5.729165;401.04165;-14.583335000000002;437.5;0.0;8.478865500000001;0.6227166000000001;20000.629999999997;974.4148999999999;0.03958333;-0.0035833335;0.009659338;0.0;0.8221193000000001;0.0
'CMU_HMM_0027_28_k.wav';0.0;0.0;0.0;0.027690210000000003;0.0042266477999999994;0.0;0.0;0.0;0.0;-100.0;0.0;4.5660281e-06;5.951317412e-06;4.308024919999999e-06;-2.371773e-06;0.39093800000000023;8.9043838;3.70836884;3.435251;4.76360892;-0.19053820000000005;-0.5835290000000001;4.1667056;18.259168;23.334066;-5.377498800000001;8.458389200000001;5.8913248199999995;8.4570392;6.270362;12.3970836;-1.0896014200000002;4.962860399999999;1.4366612399999998;1.54814022;3.83037;1.4288203400000001;1.612689782;-6.1619324;-1.38459146;-1.1929772799999998;-6.1988434;1.20544766;0.6968413399999999;-0.9577909200000001;2.70232644;3.531848599999999;0.62450644;0.342733496;3.0856370000000006;0.54177928;0.0419323948;0.017393495600000003;0.0043001366;4.711591000000001e-05;9.083596539999999e-06;-9.431443999999996e-07;138.83276220000002;-45.853832;724.999994;511.25002800000004;804.166594;556.4582680000001;1020.833252;716.8749940000001;1895.83348;926.4584200000002;8.321976664000001;-2.6768818;1124449.42;369985.12;0.13166666600000002;0.071766668;0.0;0.0;0.0;0.0
'CMU_HMM_0027_29_i.wav';0.0;274.6544;0.06738644;0.313080975;0.0358101325;0.0787590775;-0.00023087660000000002;0.05631952;-0.000719812;7.191381;0.23321595;0.00245633145;0.0009727033;0.061133217499999996;0.0285540325;-12.2598675;-46.2216;-12.41525;-11.13512925;-9.62208575;-8.95536375;2.674489775;9.56276775;19.366035;58.0796275;-57.560359999999996;-3.14837005;-27.769440000000003;-25.147142499999998;-51.5500775;-20.9646875;0.86621795;-3.0917967500000003;-0.5244652275;-3.3581849999999998;-0.7946618999999999;1.751437;0.7227520249999999;-0.135032405;-1.8790774999999997;2.64397925;-0.48907137499999986;-0.028758899999999976;-0.768605;1.2571639;-3.2295217499999995;-1.4355636500000002;0.4207252;-0.0041537603;2.407744;-0.1554066;0.002988373;-0.0006376277999999999;0.06856092;0.01433460825;0.02759786625;0.01711367125;17.3695475;0.78954225;250.0;0.0;273.437475;2.08333125;289.0625;-4.68750125;328.125;-9.37499975;3.92539675;0.0811778575;712550.225;-25861.0395;0.0762500075;-0.013854165000000002;0.2208581;0.004555666674999999;0.808498225;0.0009434962
'CMU_HMM_0027_30_p.wav';0.0;0.0;0.0;0.023047852;0.004990190449999999;0.0;0.0;0.0;0.0;-100.0;0.0;8.478858009999999e-07;5.5446843854790004e-05;0.0005336065803910001;-1.3056206253000014e-05;1.9931302000000009;-3.2612283;1.2402704000000004;5.618972749999999;1.4356245900000002;3.5855449;2.4100718;11.252633600000001;18.665473600000002;18.349648000000002;5.6731545;10.99023364;5.107940340000001;2.8681989999999997;-1.3008113600000013;-3.1988901000000007;3.9485054899999996;2.1354580999999997;2.6720488299999996;1.9740831800000003;1.0229772;0.9621669699999998;0.315858098;-1.5005559300000002;-2.24107827;-1.531804146;-2.0150203099999997;-0.07943983999999951;0.3384125800000003;1.8139431300000002;2.7316027799999993;4.6198488950000005;0.18441554599999999;0.018049921000000003;2.1103493;0.186488793;0.017539436920000002;0.0037497322600000002;0.0107705173;0.0003607226249999998;0.00040685431965000005;-4.175520747600001e-05;1040.071818;-418.758361;84.374993;-0.729166699999999;117.70833699999999;4.2708333;151.04166600000002;15.729160700000005;281.25;66.97916760000001;21.0987224;-4.6923646273;378989.7227;73490.04800000001;0.042249999;0.00434166775;0.0;0.0;0.20478608999999998;0.0
'CMU_HMM_0027_32_9r.wav';0.0;294.62149999999997;-0.50564816;0.8629494800000002;-0.0507640424;0.008788046800000001;-0.00021363934;0.0070018074000000015;-0.00014569808;12.287986;0.106005928;0.0222592226;-0.0051009924;0.9245785200000001;0.04193506000000001;-26.946195999999997;-32.354406;-16.408949999999997;-15.422500000000003;-12.3416954;11.542326200000002;20.240158;22.496834;-17.4489812;25.955268;-45.03615;-52.47316599999999;-47.287532;-13.691068000000001;-9.543756;-39.58323;-0.68365202;2.462655;-1.9414658600000003;-1.2935275400000001;-1.2885866400000001;-2.06698768;-2.73666156;2.0498988;4.8276366;0.12139618000000008;3.05404316;-0.8529685;4.614482;-1.6004342820000002;0.68348706;0.9677702800000001;0.42316922;-0.021022182;2.4914858000000004;-0.100880152;0.0012659530399999998;-0.00021791125999999999;0.189751902;0.054971844000000006;0.49038632;0.011731759999999997;66.46782;56.0724558;279.16666;-3.1249998;310.41666;-4.583333400000001;335.41666;-7.9166674;591.6666600000001;-23.333329199999998;6.4964054;1.60052078;148411.146;-43061.522;0.049333334;-0.003933333999999999;0.095193272;-0.0013620842;0.82969614;-0.0020385217200000003
'CMU_HMM_0027_33_J.wav';0.0;214.07614999999998;0.7300520833333333;0.14958373333333333;0.02528391116666667;0.0065977875000000005;-0.00011104121666666667;0.007809356666666667;-1.8656898333333332e-05;10.099289333333333;0.10194289833333331;4.9937719999999996e-05;0.00014887199683333334;0.0072477355000000005;0.008168734549999999;-15.082608666666667;-15.015909999999998;-19.48539;-14.598903333333334;-16.517196666666667;-12.077946666666667;-11.345177999999999;16.12277235;39.702036666666665;17.727773333333335;12.462712833333333;-0.9731256666666669;-6.928117031666666;-0.6456218999999999;-16.02235;-12.871187333333333;1.5990966000000002;1.01943045;0.9605981833333335;-0.7733448533333335;-0.9312147666666665;0.10473559499999997;-0.48593633333333336;-3.8363925;-1.8479554666666669;-0.19814583333333338;-6.154600516666666;-4.695575949999999;-5.11994057;1.0283811733333335;-1.4378000499999999;1.7490336666666666;0.6983008333333333;0.09977736483333334;2.6891723333333335;0.29310425166666665;0.022188991066666663;0.004527465966666667;0.09268893833333335;0.022155203000000002;0.015844985333333336;0.0034413678666666662;3787.268101666667;-1531.8658666666668;203.125;5.7291661666666664;1078.125;154.1666445;1256.9444999999998;197.22222833333333;1380.2083333333333;217.0139065;36.480094333333334;-11.702995333333334;1636449.4833333334;330412.4716666667;0.16763888333333332;0.03390278;0.59445235;-0.014906482333333332;0.7552522666666667;4.853194999999991e-05
'CMU_HMM_0027_34_A.wav';0.0;101.42073333333333;-0.03811013666666666;1.0876703333333333;-0.037501132;0.0;0.0;0.008185746666666667;-1.0704856666666666e-11;15.87724;0.1873716666666667;0.018943863333333335;-0.0007158534466666667;0.6975094666666667;-0.045424354;-21.68037;-26.43714;6.466321000000001;-19.337153333333333;-27.170283333333334;-0.09352103333333339;-0.7151058966666666;35.416173333333326;1.7041799666666666;25.103203333333337;-31.41001;-18.291586666666667;-44.76504;28.235156666666665;5.047925;-1.4404001;-1.0821648;0.17294260000000003;-0.4526057333333333;1.0067850666666667;1.2274648333333336;0.729298;-1.6626775666666667;-0.08438044;-2.0232846666666666;-0.5375471166666667;-0.7340154333333334;-1.7788533333333334;0.42568969999999995;0.16792476666666664;0.4740479;0.3427676333333333;0.4400170666666667;0.024006716666666667;3.248428;0.07100917333333333;0.001050916;0.00012504571000000002;0.18099087000000003;0.06198791333333333;0.7333723666666668;-0.11041478;61.95790333333334;-6.350668;208.33333333333334;5.555554333333333;368.05556666666666;61.458326666666665;600.6944666666667;2.083337333333333;625.0;12.152776666666668;5.727444333333334;-0.34211013333333334;101943.75333333334;9151.717433333333;0.08083333666666666;0.00022222076666666667;0.10892480666666665;-0.005878489666666667;0.7679806333333334;-0.00011886330666666665
'CMU_HMM_0027_36_A.wav';0.0;204.5571142857143;-3.0734773428571427;0.7061778285714285;-0.015110124285714285;0.0005292264357142858;-1.5587174285714287e-05;0.0007721872714285714;-7.976279999999999e-06;8.051336285714285;0.13651078857142857;0.03001364;-0.0025480829999999996;0.010741034428571428;0.017176483305714287;-32.79222428571428;-29.485161428571427;-6.063839571428572;-11.139047571428573;-23.027527142857142;-6.656800285714285;-5.642392557142858;16.772945714285715;-44.516688571428574;12.903912;-32.36093;6.429112571428571;-5.3665587;17.326786571428567;1.877383857142858;-42.39647428571429;-0.24932562857142865;-0.10227057142857146;0.3593989571428572;3.263630857142857;5.184257514285714;3.359678471428571;2.7228857485714286;-0.09952690014285714;1.4879990571428574;-1.4856786685714283;-2.1088513;-4.204845671428571;-5.878951942857142;-4.6035936714285715;-4.282946242857142;-0.5708000028571428;0.9695697285714286;-0.03898682999999999;4.252492285714285;-0.16544739714285717;0.007148006857142858;8.87637357142857e-05;0.15440034000000002;0.02196694828571429;0.04351907;0.005980517142857143;8.870016857142856;16.441446614285713;699.4047714285714;-5.505951428571434;874.9999857142858;-40.17857228571428;1495.5357142857142;-139.2857;2075.8928571428573;-104.01786814285713;1.8676860000000002;0.8083340128571429;556119.5000000001;-37992.03428571428;0.12726189571428573;-0.008666665828571429;0.06841738285714286;-0.0004133479285714285;0.7758141714285715;-0.0006175586285714285
'CMU_HMM_0027_37_s.wav';0.0;0.0;0.0;0.07941684333333335;-0.009670241666666668;0.0;0.0;0.0;0.0;-100.0;0.0;6.240550999999999e-06;3.0642486166666667e-07;0.006440908607416667;-0.003764143600333333;-11.126700166666668;-8.789217666666666;-7.30697;3.011805883333334;1.5068517816666667;3.3863627000000007;5.132816666666667;-10.889588516666668;31.29950333333333;1.4656770166666666;10.217994666666668;-12.811647333333331;8.451072666666667;-4.195420333333332;-5.317745666666665;-18.7850562;6.886078533333333;5.733109166666666;3.8351022166666664;2.7004686166666665;0.4345760833333334;-0.8917020666666667;-0.32377475;-4.843758833333333;-3.5936578333333333;-1.2985883666666667;-0.6802277166666668;2.881311;5.180357683333332;6.548794999999999;6.678202333333334;7.984726333333332;3.055711149999999;0.5377815166666666;4.306947;0.6025364;0.054828871333333334;0.020884899166666665;0.03670590916666667;-0.0072151495;0.0033038601133333328;-0.0019071971808333331;108.55219166666666;-58.27292800000001;4269.097383333334;784.37505;4668.402833333334;916.1456999999999;4831.597166666666;1028.8194999999998;4897.5695000000005;1066.8402833333332;2.5877716666666672;-2.8682631283333335;2392129.283333333;456375.2166666666;0.5524999666666667;0.07108333383333333;0.0;0.0;0.21572446666666667;-0.0004404485
'CMU_HMM_0027_38_ow.wav';0.0;222.55022727272737;-0.13532265945454547;0.7945072136363638;0.0016642825909090918;0.01146112668181818;2.9905344061363648e-05;0.011550146136363636;-2.3265482499999998e-05;15.280572409090912;0.10671306045454543;0.01644329527272727;-0.00031891992909090905;0.6474417699999999;0.07104378465;-25.569423636363634;-25.545010454545455;-18.104639318181817;-15.196711177272727;-19.662865454545457;-4.496395577272727;-11.345115727272725;39.791480909090915;-7.644989772727271;4.947775422727272;-34.720105;4.762921454545455;-26.372155;-19.272271;5.093920254545455;-16.230313772727275;0.006724222727272714;-0.2550706704545452;-0.803594905909091;-0.3294419045454546;-0.03634277909090903;-0.5424932704545455;-0.009132645454545485;0.3884882200000001;1.3213216381818182;0.31583214818181815;0.799712009090909;-1.4840428136363635;-0.2609272500000001;-1.2637723863636365;-1.089564771;-1.1685136272727272;0.46254444090909086;-0.01637134327272727;3.243899227272727;-0.09331553727272728;0.001400507907272727;-0.00024061626090909096;0.2569405231818181;0.01245439330909091;0.5673038813636363;0.0546177601681818;146.58891500000001;33.87638122090909;232.95454545454547;-6.818181181818184;400.5681818181818;-19.22348363636364;573.8636363636364;-20.73863490909091;755.681790909091;-29.071968045454547;5.651412954545455;0.6752943440909092;120511.6537272727;-13009.987122727274;0.06886363999999999;-0.0042575765727272735;0.07436468013636365;-0.00021590460000000007;0.833092018181818;4.555904700000002e-05
'CMU_HMM_0027_40_s.wav';0.0;0.0;0.0;0.07079769571428571;-0.004366819514285715;0.0;0.0;0.0;0.0;-100.0;0.0;9.241662142857142e-06;-4.562493142857142e-07;0.0003917232721857142;-0.00023367821897142858;-2.083744571428572;4.228111285714285;4.554119985714286;6.580099128571429;5.380438857142857;4.391610285714285;4.2878079285714294;-16.605909999999998;25.783224285714283;5.859269142857143;10.083602;-8.5775552;11.821369714285714;11.039398;6.704981285714287;-9.925709285714285;3.8886754328571436;3.545293071428571;1.8709455428571429;1.7507645285714288;-0.32076088571428574;0.3779177571428572;0.38714592857142854;-2.612370728571428;-1.5873094285714284;-0.3084515457142857;0.3170787999999999;2.4582033000000005;2.6967951142857145;5.326353657142856;3.069936171428572;4.4586288000000005;3.440211857142857;0.2135983242857143;5.213407857142857;0.3951506714285714;0.08689340142857142;0.017520852857142857;0.01303394157142857;-0.0014906244;0.0001878786028571428;-8.636977457142858e-05;10.21410842857143;-3.0230884428571434;4497.023714285714;231.8452357142857;5705.357142857143;417.5596428571428;6110.119;516.3691071428572;6241.071428571428;568.1548927142858;-0.7032249857142857;-0.5792599285714285;4349404.428571428;382719.11428571434;0.6263095428571429;0.01785713885714286;0.0;0.0;0.08070182857142859;0.0
'CMU_HMM_0027_41_l.wav';0.0;225.4315;0.0;0.22101625;0.048815205;0.0;0.0;0.0;0.0;3.9370220000000002;0.0;0.000105240845;3.719509e-05;0.025495524999999998;0.050706735;-12.265699999999999;-19.683135;0.6590585;-8.3699795;-28.218655;-7.618904500000001;-11.757169999999999;20.59041;31.1966;38.269655;-25.98078;9.000979000000001;-23.37778;-7.9189905000000005;-7.478059499999999;-17.437910000000002;1.14984015;-1.2406673000000001;-2.8898445;-3.6793094999999996;-1.0745551;-3.7176384999999996;-1.04918995;2.3152605;0.95834435;-0.3737215;-1.3670183500000002;-1.43396635;-4.29556;-4.060161;-1.3147088;-0.14514295000000002;0.27031345;-0.0048660635;2.1192175;-0.0697116;0.002959326;-0.0009268241;0.12893545;0.05803466;0.05046134;0.05236014;204.71344;153.2023;192.70835;6.770833;203.125;5.729165;223.95835;6.770833;250.0;0.0;11.7699005;3.8564545;209564.45;-64079.065;0.054583335;-0.008833334;0.0;0.0;0.7747252;0.0
'CMU_HMM_0027_42_e.wav';0.0;212.67959999999997;-0.04791184466666667;0.7727934833333333;-0.009963679999999996;0.003775401666666666;-4.8451233333333335e-05;0.0035588971666666667;-3.405164166666666e-05;18.634498333333337;0.10329887;0.0144497995;0.0017777711333333333;0.9400153666666667;-0.08308984833333333;10.717624166666667;-21.036299999999997;-6.097287166666667;-7.268434333333334;-14.824295;-10.483211333333331;-11.707222833333333;26.453385;17.13442333333333;47.045416666666675;-46.10059833333333;-41.94781333333333;-27.56923333333333;4.03101385;-47.132218333333334;-9.442577499999999;-1.47192687;-0.8666245999999999;0.4375406166666669;-0.37896138333333335;0.3631077833333333;-0.22260820333333334;0.1707380666666667;-0.9840281216666668;-1.3875825;1.5470165333333334;-0.21611798333333332;0.7376512333333333;1.7412606000000002;3.1529996666666666;-1.2245549500000001;-0.9753488166666667;0.4400264;0.009216801166666667;2.608147;0.09643015833333334;0.0009665370166666667;0.00026691703916666663;0.25852623333333336;0.016260200666666665;0.5507994166666667;-0.04931384;90.78352500000001;-18.214547999999997;343.7499833333333;-9.548611666666668;407.98611666666665;-19.097222;437.5;-0.6944448333333334;564.2361666666667;172.39583183333335;7.991700666666667;-1.0232851833333332;143905.07666666666;78966.5658;0.061666665;0.005541667383333333;0.048806579999999995;-0.0006532687333333332;0.8316681166666667;-0.00037924382666666673
'CMU_HMM_0027_44_e.wav';0.0;290.14548333333335;0.7090426;0.5544605166666666;0.018840211666666665;0.04159017933333333;-7.977828333333334e-05;0.07816985483333334;-0.00019784333333333333;0.10065283333333348;0.0018635583333333333;0.016777625;-0.00027105436666666666;0.15688708916666666;0.0752870995;4.5383287333333335;-19.372498833333335;-7.077196333333333;-15.873873666666666;-7.095896499999999;-7.6405447833333335;-2.873077549999999;13.783057166666666;-6.794922214999999;40.42926666666667;-59.965624999999996;-42.71329666666667;-22.283698;25.299239999999998;-39.06489;-29.29673166666667;0.7404741666666669;-2.9424536666666667;-0.46447715000000006;1.6533441666666666;3.6652418833333336;2.7909954733333335;4.1142769999999995;1.751360383333333;1.3076907966666667;-0.6526197166666667;-2.681993666666667;-3.9988975999999994;-3.604079216666667;-3.911543333333334;-2.4304341983333333;-0.8621936833333335;0.7947555;-0.067363375;3.780788;-0.30115565;0.006101873083333333;-0.0013191882;0.16903483500000002;0.04143983833333333;0.08490414833333333;0.03408454666666667;16.528597833333333;15.68464705;359.375;7.118056666666671;479.1666666666667;-22.222221666666666;1796.8750500000003;-326.0417;2112.847116666667;-358.15968000000004;2.2879435000000004;1.2120876166666668;1032609.1833333332;-204771.94666666666;0.11680554;-0.010375001;0.12799072333333333;0.00014297713333333333;0.7772630666666666;0.0026301941000000002
'CMU_HMM_0027_45_kh.wav';0.0;0.0;0.0;0.04718675;0.006854371875;0.0;0.0;0.0;0.0;-100.0;0.0;2.01258761375e-05;1.1948984657500001e-05;0.0001555369478375;-9.044018402500001e-05;-6.257406625000001;4.63536775;3.4462794999999997;7.172973000000001;0.7265661250000002;-1.664460375;5.02007815;9.855808624999998;3.745450000000001;3.3012282499999994;3.8623693875000003;12.0293845;-11.5384772;15.803094999999999;5.433280624999999;7.7458445000000005;1.99836195;2.8223085624999995;3.3138489124999997;0.2709249999999999;-1.7747103625;0.5377699749999998;0.38421368749999985;-2.853995;-5.239617625;-2.4279357000000004;-0.061260724999999905;1.9721165500000004;-2.3296623125000004;3.8616728625;6.895857375;5.900591375;0.6799252875;0.14546092387499998;3.7300986249999997;0.417347192375;0.058761554375000004;0.011427532624999999;0.007564639125;-0.0007486432874999999;9.92973283e-05;-4.800615475e-05;400.6710496249999;-214.84408112499997;342.44791250000003;124.609375;772.1354500000001;189.3229175;1006.5105000000001;231.77083249999998;1886.71875;469.1406212500001;10.566076125000004;-3.893654525;1109715.33;212552.78750000003;0.11749999124999999;0.031093749656250003;0.0;0.0;0.0;0.0
'CMU_HMM_0027_47_rr.wav';0.0;214.39343333333332;-0.351954675;0.8240477833333334;-0.024403205166666664;0.003094302;0.0;0.0043598355;-5.681261666666667e-05;17.549878333333336;-0.08107342166666666;0.010424644833333335;0.00038438193333333335;0.2504774833333333;-0.023428808;-19.811153333333333;-25.15415683333333;-25.241761666666665;-24.934399999999997;-18.35470833333333;-18.949281666666668;-1.123505333333333;36.55276333333334;-10.5194595;21.303265;-30.829995;-39.281005;-25.58000166666667;12.683881666666665;6.611882333333333;-26.00024833333333;2.8589746833333334;5.865483166666667;2.31258075;-0.34637996666666665;1.40133345;0.6188454833333333;0.5526048666666666;-0.042801350000000016;-0.9496831666666666;1.2603436833333335;0.28451936666666666;-3.6369846666666668;0.7560192983333334;-0.8301825333333334;-2.76479535;1.2457248195000001;0.48363120000000004;0.018523993333333332;3.0806543333333334;0.09640719366666667;0.0010157285;8.890005666666667e-05;0.22767906666666668;0.0013909683333333336;0.34384198333333327;-0.05773168349999999;31.058261666666663;-2.5695281000000003;255.20835;23.611110666666665;484.375;23.263888333333337;588.5416666666666;26.21527833333334;677.0833333333334;-6.076388166666667;3.7788445000000004;0.03417832;104288.98833333334;11489.282;0.059861109999999995;0.003972222333333333;0.07046309666666667;0.00067057505;0.8463790166666666;0.0006060909
'CMU_HMM_0027_48_A.wav';0.0;243.32479999999998;0.32054318750000005;0.71905025;0.053234585;0.005439605;0.0;0.00649448125;6.451600500000001e-05;12.461725000000001;0.12590166;0.023054095;0.007413305;0.009453237;0.002984559925;-41.363005;-45.333187499999994;-23.7618;-15.0247625;-30.120055;-2.09941055;-7.0423997499999995;20.5586875;-38.2855825;5.499389425;-34.570805;7.838466499999999;-17.4034775;4.0110505;-5.440258;-30.61147;-1.25607215;0.12746028500000003;-1.56248065;1.6354745;1.05975395;1.3100342999999999;1.78350775;0.19782912500000002;-0.992394;-2.68973325;-1.610763925;0.17604949999999997;0.38394012499999997;-2.09965575;-1.2879991750000002;-1.5791121249999998;0.8330541249999999;0.0080434885;4.23447425;-0.1199113325;0.006389635750000001;-0.0004505397299999999;0.0776986675;0.04022059;0.048670582500000004;0.025960174;9.47727875;3.0202146;648.4375;41.406245;734.375;6.770830999999999;1075.5207500000001;-13.28124;1859.375;-79.166649;2.1847719999999997;0.251402616;497923.35;-47688.502175;0.0954166575;-0.0021458332499999996;0.05042336000000001;-0.00445377025;0.8516717;-0.0005679380249999999
'CMU_HMM_0027_49_hv.wav';0.0;209.48080000000002;0.1588016966666667;0.31652208333333337;-0.015189234000000001;0.01897697333333333;-0.0002133351666666667;0.027329911666666668;6.145576000000001e-05;10.903949500000001;0.047507983499999996;0.0010720527;-0.00039953385;0.030734356666666667;0.009751311899999998;-20.253066666666665;-29.65906666666667;-24.892531666666667;-19.721888333333332;-21.467388333333332;-11.0693305;-12.025861666666666;35.21466333333334;18.028505833333334;4.818465;-12.719666166666668;36.25094833333333;-0.05733766666666688;0.4499518333333337;-11.344973333333334;-22.396186666666665;2.4366685000000006;4.329459316666667;2.4273907666666665;-1.1035429929999998;-1.531194441666667;-1.27753525;-0.27680094999999993;1.8581787500000002;5.7189483333333335;2.5194075333333332;1.8313133333333331;-2.559038333333333;0.33880361666666664;1.4403443999999999;-2.5114338333333337;-0.9081997333333334;0.2795402333333334;-0.029253173466666667;1.8891008333333332;-0.170966565;0.0008177492933333333;-0.000352427395;0.147083905;0.008473642666666665;0.15941773166666665;0.03775398868333333;2170.5872299999996;833.2274833333335;192.70833333333334;-1.9097216666666668;218.74998333333335;-3.472222;312.5;-56.25;328.125;-57.11804966666667;28.786763666666662;7.090122666666666;37076.72816666667;-16891.410333333333;0.034444445;-0.003972222233333334;0.3130448333333333;-0.0056172817500000005;0.7929413166666666;0.00060210965
'CMU_HMM_0027_50_o.wav';0.0;202.98821249999997;-0.4623974375;0.37662563749999994;-0.027008257499999997;0.002618972;-4.1200525e-13;0.006655455874999999;-3.0617651249999997e-06;20.275008749999998;-0.10107101625;0.00034477983750000004;5.15291499999999e-06;0.17952249924999997;-0.02124325125;1.9999990625;-22.49686875;-4.839283137500001;-12.626074875;-20.958696250000003;-10.437473750000002;-13.304848500000002;41.649201250000004;27.914196250000003;9.180989375000001;-31.985548750000003;17.294873;-21.960266750000002;-11.419120375;-19.71636375;-26.738367499999995;0.925630299875;1.2363170325;2.132385375;1.801157125;1.1252468625;0.8428285750000001;0.8278643875;-0.08439926249999999;-0.791090625;-0.3860788249999999;-0.581703775;2.6285633000000006;2.5447427250000003;2.277794875;0.04254708000000018;0.07300579375000002;0.27840567499999996;-0.0001946841249999997;2.310565375;0.060598975000000006;0.00036816838749999996;8.47145505e-05;0.19952098624999998;0.0016602262500000006;0.230315875375;-0.02798989;415.97643750000003;-59.86927124999999;201.8229125;-5.859375;214.84375;-2.994791625;276.041675;-2.6041662500000005;406.25;12.760417;12.780765375;-0.6339055124999999;27193.94525;5294.1124875000005;0.028645835;0.00029166678750000005;0.12147457500000002;-0.00011891341250000001;0.7877050999999998;-0.0009862295375
'CMU_HMM_0027_51_g.wav';0.0;205.3763;0.0;0.12198845;0.04516234;0.0;0.0;0.0;0.0;22.83857;0.0;7.753988999999999e-06;5.3147665e-05;0.0033307519999999998;0.009466671500000001;-11.75774;-13.822715;3.0124910000000003;-6.289161;-12.588255;-5.0133475;-6.712758;40.13917;29.01898;14.1674;-12.839885;-11.987385;-24.854545;-0.3405954499999999;-9.916834999999999;-7.51767;-0.6067896;-2.9637165000000003;-0.9401055;-2.8264285;-1.6979995;1.4117905;0.8424167499999999;-1.252271;-4.640052;0.4161839195;-5.0286975;-1.8322715;-7.287727;3.003482;-1.13989515;3.4840454999999997;0.2930547;0.034954565;2.647765;0.12048468000000001;0.00047352875;0.00011709805000000001;0.028334085000000002;0.023266735;0.0028158815;0.0067114085;408.44755;-69.42005;192.70835;7.8125015;234.375;46.354164999999995;354.16665;30.208329999999997;432.29165;48.958325;10.83713;-0.40260045;18710.655;7754.509;0.027916665;0.004875001;0.0;0.0;0.8159388000000001;0.0
'CMU_HMM_0027_53_j.wav';0.0;190.73357142857142;0.051405591857142864;0.47112534285714286;-0.022269837628571428;0.004376295142857143;1.2528048571428573e-05;0.010433278142857145;9.444267285714285e-05;18.366375714285713;-0.1825495467142857;0.0011392736285714285;-0.00010178519571428571;0.08313161571428572;-0.024399752285714282;-3.471675428571429;-18.573317142857142;-8.534522857142857;-8.289941714285714;-0.09061114285714275;11.048827000000001;-11.315660285714285;30.72579428571429;6.801436;26.877074285714286;-45.005301428571435;-29.80399;-24.889205714285715;25.59906571428571;-11.785907428571429;-0.6455792142857144;-0.36256080285714287;-0.5959335457142857;0.34456798428571433;0.7685378714285714;1.4945072285714287;0.3756220157142858;-0.36883186142857144;-0.5053619714285714;-0.47959606857142856;-1.2152341385714287;-0.6257964857142858;0.47140117142857135;2.4946825714285716;0.041563720000000005;-0.4794739857142857;-1.2642703;0.5094978142857143;0.010864143857142858;3.4772478571428564;0.034264598;0.001979387571428571;0.00015420957714285715;0.07503402571428572;-0.008218092171428572;0.055872537142857136;-0.0128061946;61.73548857142858;-6.038402657142856;348.2142857142857;1.4880962857142852;421.1309571428571;17.26190485714286;629.4642857142857;22.916669857142857;714.2857142857143;25.000000285714282;6.187417428571429;-0.2551994457142857;136029.91;8221.925285714286;0.07226190571428572;0.00014285680000000002;0.11560483571428572;-0.0025445042857142855;0.8486108571428572;0.00032030269714285707
'CMU_HMM_0027_54_A.wav';0.0;225.68720000000005;0.6088550500000001;0.331013175;-0.009876235125;0.004962148374999999;-5.4046469999999996e-05;0.009490481249999998;-0.000144706826625;14.912036249999998;-0.02916398875;0.0013595757999999999;-1.0549787500000015e-05;0.007764982749999999;0.0004761371624999998;-39.075955;-32.921093750000004;-17.737045;-9.733645;-26.50638125;-0.3833306124999999;-9.481771475;32.548995;-9.748818374999999;2.46735675;-30.87306875;22.030512125;-12.344248964999998;-4.552081375;3.0913557999999997;-19.449701249999997;-3.0865626125;-3.77222435;-1.0196933625000002;-0.9727064187500001;1.4944766875000002;0.4951626375;1.53491135;-0.14091662500000007;-0.5143815074999999;-1.381992375;1.3307171750000002;1.4711278499999998;-3.0357073749999994;-4.28938;0.78280229;-0.12360454999999992;0.45346455;-0.01361142025;3.1127777499999993;-0.04988976375000001;0.002387289875;-0.00015279760374999998;0.067105445;0.0038322981037500004;0.016949521874999998;-0.00026456637499999995;34.65456125;0.741535775;222.65625;4.8177083750000005;328.1250125;-39.19270425;574.2187749999999;-28.255222125000003;800.7812624999999;-8.33333475;4.213377125;0.074279755;163197.275;-5456.292874999999;0.06322916625;-0.004000000000000001;0.10127418625;-0.0007351499749999999;0.792190275;-0.0009098723874999999
'CMU_HMM_0027_55_tB.wav';0.0;0.0;0.0;0.0094601235;0.00021355658333333332;0.0;0.0;0.0;0.0;-100.0;0.0;2.2828956666666663e-08;6.598412196666666e-08;3.559826333333333e-08;2.589055818333333e-07;10.457485333333333;14.715638333333331;15.203759833333331;12.099547333333334;2.6586838333333334;1.0279082166666667;2.0485325000000003;6.252831166666667;21.526848333333334;14.043551666666666;9.064756333333333;17.649056666666667;11.164460499999999;14.043616666666667;8.737054166666667;5.689263666666666;-0.12015038333333343;-0.33991341999999997;-1.05314451;-1.23542795;0.1890878083333333;0.9146647;-0.28279635;0.10247429083333333;0.29277425;0.16646255;0.6049354666666665;0.5516077;0.21428788333333323;0.010752678333333302;-0.29635900000000004;-0.2355482933333333;0.09005483333333332;0.02150514712666667;1.7431254999999999;0.14677235166666666;0.011727972500000001;0.0035181663;0.0013216212500000001;0.00020567004499999998;8.609702166666667e-08;1.5926123116666665e-07;185.66841666666664;8.912423333333333;32.986111666666666;6.076389333333334;39.930555;6.2499995;59.02777666666666;25.173610999999998;85.06945333333333;80.2083335;12.274879333333333;0.04318632000000002;313004.4333333333;81366.87333333334;0.02388888833333334;0.004666667291666667;0.0;0.0;0.0;0.0
'CMU_HMM_0027_56_o.wav';0.0;108.60842;0.01599083682;0.8054696400000001;-0.0006400340000000005;0.0;0.0;0.095625;0.0;9.691896599999998;0.45475025999999996;0.003163448;-0.0002478225;2.1226166399999995;0.056919819999999975;8.60898602;-26.744793999999995;-0.7726788600000004;-17.076809200000003;-32.383758;-18.676146;-9.5449934;27.481362;-1.24689388;-2.798075399999999;-56.128938000000005;-21.406134;-54.805687999999996;-3.4784276;1.7301366800000004;15.769720000000001;1.953528;0.22420322200000004;-2.9116052000000003;-4.093384200000001;-0.6821284000000001;-1.84305144;-0.8599717;0.624490864;1.5058408200000002;0.73488968;-2.10433524;1.3695151380000001;1.2356990799999998;-0.1624392199999999;-2.53733748;-0.41247082000000007;0.5716029600000001;-0.0021262858690000003;2.0135182;-0.014216127999999995;0.00072704016;-0.000106888726;0.65851172;0.04285199600000002;1.03306622;0.023986446000000015;707.17202;32.686184000000004;514.5833399999999;0.6249994000000001;531.25;0.0;556.25;2.2916637999999994;562.5;0.0;22.714454;0.5922488;24733.582000000002;-2774.94562;0.072499998;-0.0027833328;0.246176138;-0.0074366974;0.7469260600000001;-0.00221512026
'CMU_HMM_0027_57_u.wav';0.0;269.37505;0.70741655;0.2582768;0.0718037775;0.061887149999999995;0.0;0.11342787500000001;0.000571746575;0.6895677250000001;-0.0245004425;0.0001038421875;3.2179135e-05;0.1103417595;0.1092617175;4.909803674999999;-27.410955;-0.625799;-32.3733125;-14.39452825;-12.799702499999999;-10.16971925;27.575180000000003;15.4471425;-5.1622812499999995;-50.355132499999996;-6.0766212500000005;-55.879932499999995;-18.0709265;-27.4678525;-6.65937875;-3.0945385;-3.7393864999999997;-2.40607075;-3.8265682499999993;-2.068511075;0.9443562000000001;1.6474819;1.118281575;1.9380281;4.074641125;0.4391636249999999;-4.2017205;-5.84013475;-3.80327325;-0.6295827499999999;0.532893525;0.511155475;-0.031312545;2.95253725;-0.282096125;0.00290603695;-0.0012237663749999998;0.1401133625;0.05738225250000001;0.055867180749999995;0.05857498;186.5046125;65.8020975;414.0625;-27.60417175;473.958325;-22.65624775;539.0625;-19.27082975;562.499975;-20.05208275;11.223037000000001;1.5894667500000002;150028.3125;-59180.1425;0.058958335;-0.0021874999700000003;0.3987619;0.00170134925;0.836254725;0.00022734555000000002
'CMU_HMM_0027_58_s.wav';0.0;0.0;0.0;0.105417455;-0.021654855;0.0;0.0;0.0;0.0;-100.0;0.0;1.0597714e-05;-3.3809895e-06;0.01044284552;-0.0062293405;-12.5764187;-8.105936;-11.218405675;-5.408604050000001;-3.036352225;5.016141225;3.4344951000000004;-9.515791499999999;39.7451925;3.99896025;23.896365000000003;-8.014406999999999;-3.2487401975;-7.917101999999998;-13.641278250000001;-21.480306000000002;6.111593749999999;8.08219025;4.8627702500000005;5.61249975;4.00676625;2.23415475;0.9692008325000001;-7.520851249999999;-3.2468852499999996;-0.3340183;0.3345644499999998;0.8539129;5.2481342500000006;5.382562;5.91357925;5.606986;2.9180593750000003;0.7768441750000001;4.43219025;0.5948174;0.0312761925;0.009621678;0.06271869000000001;-0.01078924675;0.006391782625;-0.00373145625;58.3947775;-23.142837500000002;3296.875;1309.63525;3510.416675;1415.88525;5322.9165;1031.2499;5476.5625;1050.7813250000002;1.26878875;-2.82868575;3251940.0;-404041.525;0.564583325;0.1012083375;0.0;0.0;0.288993925;-0.00032894325
'CMU_HMM_0027_59_p.wav';0.0;0.0;0.0;0.014491986666666666;0.008110629833333334;0.0;0.0;0.0;0.0;-100.0;0.0;1.621591883333333e-07;3.005540172666666e-05;1.994870483333333e-07;0.0002083008391733333;5.626392915;9.01637;8.860589833333336;8.236712666666667;4.840533;2.45902945;6.452421999999999;3.4632430500000004;19.97716833333333;15.068340000000001;9.676213833333334;9.788353833333334;6.9958405;14.538616666666668;9.114481333333334;4.164667166666667;0.8075593833333334;-0.31871599999999994;-0.5248843566666667;-0.5316109166666666;-0.41160426666666666;-0.055124833333333345;-0.6016125166666667;2.0711223333333333;-3.172032;-1.2605559333333334;-3.354153;-0.5928756983333333;-2.0718150666666664;-1.6526735383333333;-0.6725568133333333;1.0705999166666667;0.22300105833333336;-0.014187803499999993;1.92207495;0.08442911666666664;0.027733815499999998;-0.0003228263333333332;0.0017145563333333333;0.002643054666666667;2.1533607666666665e-07;9.152860853e-05;190.986525;22.03131;36.458333333333336;21.35416766666667;64.23611166666667;40.451387833333335;114.58334500000001;69.27083333333333;1144.0972266666668;-411.45835000000005;10.672393166666666;0.7457940000000001;1136983.65;-408592.28333333327;0.07986111166666666;-0.007777779166666666;0.0;0.0;0.0;0.0
'CMU_HMM_0027_61_9r.wav';0.0;169.174125;-0.141258265;0.4974187;-0.0660626925;0.0002204652;0.0;0.0062295447500000005;-2.1958572499999997e-06;19.4435575;-0.17619063250000003;0.008692845000000001;-0.002310865;0.020267748000000002;-0.00714984375;-15.66894525;-8.64986975;24.716499999999996;10.26005775;-6.936136;1.00818175;-6.266322250000001;16.150385;-28.9515775;18.1010275;-42.15761500000001;-26.6802825;-40.934935;12.23997;-4.42774275;-12.849663500000002;-2.4270372;-1.791025675;-2.4078092499999997;-1.504876225;1.293476025;2.2285162499999998;1.6486179500000002;2.771976225;4.61313025;2.8602807500000003;5.1884355;1.25933355;6.29184725;0.598768725;2.57799708;-2.08728005;0.84027195;-0.042861852500000006;4.44456375;0.0810816625;0.0129180375;-0.000421861775;0.062682995;0.007461298000000001;0.01576265325;-0.00460976375;5.941351999999999;1.8440132;458.33335;-41.145835000000005;614.5833250000001;-7.291672500000001;1513.02075;-3.385422500000004;2395.8335;-198.95832000000001;1.7124699999999997;0.2012005425;807970.4500000001;-64678.7375;0.121458325;-0.003104167275;0.11482435499999999;0.00173497865;0.783424425;-0.001222106625
'CMU_HMM_0027_62_i.wav';0.0;0.0;0.0;0.055807393999999996;0.010145181100000001;0.0;0.0;0.0;0.0;-100.0;0.0;3.4635721739999996e-05;2.55251519e-05;0.00010625864459999999;0.00044847242250000004;12.442091399999999;-1.23466569;16.405799899999998;0.7869853579999999;-3.0641355299999997;5.152542060000001;-5.6764381;9.201714499999998;21.204406;41.064485000000005;-39.346781;-18.104340999999998;-14.956825900000002;2.1481182000000003;-31.774065199999995;22.195881999999997;-2.36261952;-1.674046329;-2.28399276;0.41814994;-1.61944285;-1.577970234;-0.8074097400000001;-0.36654282999999993;0.68611329;1.9552772999999999;-0.8675747350000002;0.22129964999999996;-0.5009322200000002;-1.09630761;-4.2821394;-0.35627229699999985;0.6901409199999999;0.015039006999999998;4.450848500000001;-0.012639445;0.023728931999999998;-0.00105686637;0.006003959099999999;0.005393673329;5.54915657e-05;0.00046196277057999993;6.3883203;0.8403949400000001;285.41666;-2.8125;393.7500099999999;-13.958336300000003;1105.2084;98.0208403;2830.2083;107.708339;2.0081879999999996;-0.017471789999999987;1612768.78;60532.55599999998;0.16658334;0.0057750020299999994;0.0;0.0;0.25843198;0.0005330708
'CMU_HMM_0027_63_tB.wav';0.0;0.0;0.0;0.022597918125;-0.004494459625000001;0.0;0.0;0.0;0.0;-100.0;0.0;5.414238374999999e-07;-1.2669952375000004e-07;2.5049681845e-05;-1.4722733725e-05;2.0316935624999997;4.341235875;2.8269576250000004;4.759281875;-1.3125542749999999;-0.3570264500000001;-1.56178025625;11.679483749999997;19.852867500000002;17.489416625;12.7447595;16.315720499999998;9.982164875;10.090107249999999;2.8048603125000007;0.5452226500000003;0.9262105;2.6661856999999998;1.9065535875000006;3.2432010849999995;1.7338417387499998;0.7855990374999999;1.1536395000000002;-2.2037406374999997;-1.8897665625;-2.2996936249999997;-3.63402765;-1.4729505250000001;-0.5526765875;1.1786299;-0.5121150375000001;-0.2991068250000001;0.25653685;0.043396319375000006;3.0856812499999995;0.324350235;0.03811840525;0.008982457374999999;0.015572489999999996;-0.00404474847;0.00032011127049375;-0.00019019105760374999;975.2018425;-441.32918874999996;72.91666000000001;-5.338540625000002;109.37500375;21.874995875000003;170.57291750000002;45.83334228610225;820.3124499999999;246.74478425;19.019160999999997;-5.180343375;883831.1225;181548.37749999997;0.0835416675;0.009374998725;0.0;0.0;0.08290673750000001;0.0
'CMU_HMM_0027_65_A.wav';0.0;128.39748571428572;0.08870459419999999;0.5542500142857143;0.003303317714285715;0.0;0.0;0.011994388571428571;0.0;13.347745857142856;0.16113205285714288;0.009828493142857142;0.0003639176857142857;0.005119848285714286;-0.0003589415357142857;-34.47346714285714;-23.360680000000002;-6.8681728571428575;-4.943084585714286;-13.904867142857144;2.783987507142857;-2.257646857142857;17.71425;-34.62605714285714;4.951521285714286;-39.13466857142857;9.214918028571429;-20.658792857142856;9.801986714285714;6.624377714285715;-22.972218571428574;-1.9515096999999997;-0.40415100142857147;-1.7540235714285715;0.9534980000000003;0.3643071428571429;-2.0313474285714284;0.038202385714285726;-0.7026607285714286;-1.483313;0.12595207428571434;-0.17194694285714288;2.0776306285714288;0.682146257142857;-1.9988901314285716;-3.7365620571428573;-1.8485481285714285;0.9456076571428571;0.012523696714957141;4.623718714285714;-0.07596568571428573;0.013349917714285715;0.0001893782999999999;0.06309769285714287;0.004618354714285715;0.01718322;0.0004499427285714288;10.534194571428571;-0.9564968142857146;781.25;15.624999999999998;857.1428571428571;16.07142957142857;1355.6547142857144;26.488087142857143;1885.4167142857145;58.03572857142857;2.4330797142857143;-0.12193395714285711;585528.2428571429;24383.058571428577;0.11976189999999998;-0.0002142857857142856;0.02241190285714286;-0.00016260032857142855;0.7615717428571429;-0.0009166126171428571
'CMU_HMM_0027_66_k.wav';0.0;0.0;0.0;0.021331080000000002;0.0069789655;0.0;0.0;0.0;0.0;-100.0;0.0;9.179282850000001e-07;1.20911115e-06;5.45246825e-07;1.0632045225e-06;6.6063102;11.148573500000001;9.285160000000001;8.3457765;7.58708775;2.71655865;2.42946375;7.472503249999999;13.265410999999999;13.48948125;7.55623075;15.67482;2.99223775;13.6293925;14.3653275;15.3015875;-2.2301416749999996;1.548914;-1.9366975;0.66844878;-0.9283903250000001;-0.053745849999999984;-0.263387575;-1.102777375;-3.5822679999999996;-2.2657146;-1.2172922875;-2.198740825;-2.5817007175;0.9068027999999999;-0.43124260000000003;-0.21516773250000001;0.23474570250000001;0.151674225;2.48889975;0.740027075;0.03952024575;0.028293579;0.001018077375;0.00051882205;6.274082e-07;9.605292525e-07;123.5259;-36.997175;31.25;6.5104175;91.14583999999999;63.2812415;372.39575;332.291675;906.24999;752.6041749999999;9.5605455;-2.2525668000000003;753836.8;522480.39999999997;0.0725000025;0.036229165;0.0;0.0;0.0;0.0
'CMU_HMM_0027_68_o.wav';0.0;188.575325;-0.24913025583333337;0.24028147500000005;-0.00350825685;0.011445902666666667;-9.107168166666666e-05;0.01053304225;-0.00011274035066666667;19.016925;-0.1274125965;0.0003732448916666667;-4.7230800000000026e-06;0.0042076978916666665;-0.0005122085083333333;-6.824171;-21.64567416666667;-7.278702916666667;-4.987761791666668;-12.83093575;-6.912207249999999;-5.343595025;34.237432500000004;4.619802406666667;3.8099778941666664;-33.854310000000005;26.44241483333333;-9.477377466666667;0.8890689750000002;-12.084560000000002;-9.111174250000001;0.11946149824999996;0.6872221166666664;0.49775661666666665;0.547771225;0.342465125;0.9784473983333334;0.5558424541666667;-0.998234175;-0.7609270083333333;-0.9033396750000002;-2.0085540833333337;0.17148508333333323;-0.7433282416666666;1.3872721749999997;0.6855112;-0.28418538333333326;0.41972254999999997;0.021711264216666665;3.1335996666666666;0.10020503416666665;0.0029166325499999997;0.0005407747508333334;0.03253849166666666;0.000804442458333333;0.009657173916666666;-0.0011948670416666665;88.38853916666666;-12.375137916666667;231.77083333333334;13.020832583333332;323.7847166666667;19.704860916666664;492.18750833333326;26.90972641666666;685.7638916666666;29.166664750000006;6.604526583333333;-0.27777978583333324;176782.51499999998;19000.813024999992;0.0532638875;0.0028333332083333336;0.09382846966666668;0.0007686248166666668;0.8145441083333335;0.00014260649999999996
